10000
639 527
976 550
859 545
896 762
842 508
633 986
668 694
578 816
698 779
931 811
959 677
510 722
904 639
856 935
749 777
943 858
509 874
806 642
746 717
886 726
583 960
966 902
702 594
920 851
847 613
723 645
585 658
573 735
646 938
937 899
565 580
656 552
885 967
787 607
568 598
521 526
567 922
880 953
787 846
970 750
863 689
905 547
642 855
881 788
635 622
707 678
662 616
935 557
882 721
526 771
886 611
501 698
847 910
956 663
742 534
784 725
518 726
988 504
715 524
575 920
656 623
519 733
824 521
893 844
999 958
627 998
847 899
677 503
566 953
547 569
675 931
642 503
505 901
824 886
982 876
638 662
854 841
726 637
814 569
723 585
550 618
641 861
564 601
934 628
710 757
903 932
944 679
990 920
891 953
824 802
539 796
777 649
856 582
889 854
592 617
583 871
961 946
973 543
523 760
747 551
772 902
759 814
805 959
889 976
765 894
841 545
832 836
780 898
982 579
785 531
530 592
998 935
599 770
523 602
963 934
706 649
776 995
522 715
511 706
695 724
783 652
609 968
699 879
657 595
685 531
800 985
586 866
703 818
980 844
987 565
764 508
544 718
607 746
816 591
517 946
733 868
516 818
815 614
747 531
769 872
858 841
872 518
998 705
659 647
564 576
577 564
933 563
815 749
863 892
983 977
694 542
935 684
753 933
571 809
678 680
643 618
606 996
711 743
651 883
619 667
992 923
560 978
840 850
790 994
727 694
895 562
569 788
510 681
828 613
628 968
506 658
510 900
998 945
960 553
779 597
986 811
565 791
526 905
666 852
916 556
959 991
618 778
893 808
607 938
742 549
988 511
574 890
632 502
606 547
754 590
994 770
551 536
957 822
907 834
500 961
727 849
892 536
524 959
738 876
910 595
924 704
806 886
793 885
762 825
560 925
991 585
720 873
907 738
929 973
748 509
989 806
872 826
505 624
548 702
660 612
615 769
698 818
723 847
756 633
747 607
660 580
852 547
687 700
864 730
697 577
786 690
908 690
892 540
781 783
617 750
814 844
932 534
846 831
532 799
991 575
757 939
897 753
696 650
892 599
642 645
562 995
904 545
745 957
901 700
911 797
518 762
951 811
963 949
505 678
630 964
803 759
831 559
584 915
557 623
649 814
517 759
534 834
858 693
820 621
681 715
731 939
869 763
716 590
837 941
880 563
502 774
986 713
682 757
589 722
694 629
712 511
539 669
678 507
713 591
788 948
785 967
575 782
557 951
641 784
911 675
574 514
707 668
804 923
655 647
995 567
705 786
516 641
693 630
781 782
743 547
684 839
803 700
906 961
899 940
944 702
896 962
754 535
845 952
784 950
521 709
971 726
689 795
521 685
836 756
890 963
646 659
681 577
959 764
891 784
821 958
585 937
600 963
984 905
832 828
809 836
712 670
919 902
740 556
613 985
869 841
725 620
617 673
938 957
525 550
774 765
646 706
734 819
765 555
932 874
725 726
629 627
998 649
867 972
632 525
724 961
638 512
607 971
668 711
954 717
526 554
822 690
810 605
685 806
506 684
614 790
554 642
718 600
903 772
744 722
928 683
543 960
748 724
503 792
737 863
804 899
500 838
861 782
524 675
909 951
687 559
541 934
711 742
632 529
796 919
907 721
977 538
681 740
997 835
764 597
671 872
856 597
807 678
572 859
794 938
961 907
816 673
851 675
888 621
871 764
557 621
822 932
684 691
811 879
602 531
502 550
607 752
705 653
856 849
766 925
909 721
566 587
680 837
684 825
826 733
599 887
969 577
950 630
988 540
867 773
832 670
804 799
993 639
794 771
668 722
702 902
875 588
930 689
960 853
812 807
925 966
655 536
933 814
567 565
743 932
696 947
756 780
789 864
867 575
761 999
502 522
942 908
923 782
555 957
940 855
678 945
751 503
900 527
511 544
830 791
530 638
830 602
606 629
727 657
594 628
930 684
601 782
777 950
530 595
671 950
541 628
686 824
984 922
502 955
675 505
714 563
975 783
637 900
549 824
968 923
705 895
588 660
872 783
820 670
962 579
989 924
659 595
995 970
827 801
877 986
843 557
585 955
651 761
858 939
798 907
603 803
623 820
932 852
1000 951
867 937
808 837
567 942
550 573
654 961
649 766
968 860
994 720
674 929
515 958
734 720
788 560
507 844
976 690
973 815
528 985
705 927
676 897
648 953
734 551
993 521
808 566
994 932
548 698
765 863
615 513
553 514
701 641
884 776
705 852
783 670
892 759
656 703
659 719
561 637
603 869
501 535
620 780
533 595
656 940
573 779
845 650
504 713
735 906
689 998
939 771
608 508
886 961
948 836
969 712
712 559
546 597
846 919
706 788
929 836
697 790
634 630
805 771
954 630
592 696
529 724
869 572
739 954
892 814
516 900
982 891
671 719
558 773
754 601
976 987
755 636
779 700
552 734
632 826
551 669
640 918
674 826
981 834
913 704
735 563
902 744
600 715
964 845
806 660
767 740
548 865
987 706
934 508
786 747
965 682
772 665
848 565
997 838
612 991
515 734
518 786
765 812
529 985
508 536
800 991
842 622
908 583
641 659
863 644
794 974
981 514
600 754
689 620
948 651
649 547
873 523
506 747
788 695
906 727
799 691
940 781
751 907
657 873
571 988
961 898
683 977
759 710
537 657
943 749
554 754
658 599
807 570
739 756
538 957
658 906
826 583
841 854
819 601
521 648
645 631
705 683
812 731
847 737
851 920
754 702
571 639
693 615
872 876
566 877
796 939
857 648
844 655
696 825
979 883
904 893
713 674
871 905
744 996
725 588
861 619
886 962
596 906
527 675
689 802
689 883
885 828
889 843
668 860
571 592
557 618
943 748
645 650
736 664
552 568
788 691
982 702
901 564
521 833
593 789
545 584
833 544
539 838
981 979
691 765
995 769
515 552
535 819
765 745
805 935
559 586
656 714
568 636
713 823
695 633
722 896
823 838
976 774
544 537
878 613
749 770
640 739
640 707
594 700
657 982
805 562
968 824
759 522
821 628
864 925
651 794
572 805
975 856
768 637
971 720
772 674
732 876
689 635
798 945
798 566
981 652
974 550
684 693
880 922
663 848
717 825
523 512
704 907
742 779
786 943
529 656
980 832
965 860
993 716
951 897
905 858
723 852
940 874
704 671
951 694
552 585
671 932
534 840
698 878
936 982
784 766
769 563
750 808
795 515
845 705
913 867
814 825
926 610
706 763
650 673
775 581
540 576
572 813
727 669
575 780
658 807
819 644
691 821
928 824
994 553
678 695
950 720
700 978
784 985
684 607
700 661
524 713
578 835
711 904
564 982
643 833
588 889
847 984
708 993
645 769
737 687
924 979
548 541
891 586
541 888
820 998
956 785
845 716
803 740
690 891
737 969
639 580
545 984
666 553
838 820
581 855
828 847
650 781
506 925
670 651
933 924
920 699
599 636
750 731
980 932
873 847
573 689
655 946
895 539
680 991
523 792
895 647
692 727
711 754
918 792
801 563
818 537
567 694
563 502
622 841
742 537
579 732
556 801
541 563
894 668
527 681
959 725
868 665
743 891
964 802
1000 561
727 971
850 566
659 809
943 634
978 623
785 847
908 959
554 791
671 652
910 677
698 781
667 944
709 781
552 545
978 982
805 990
596 795
516 809
998 681
539 761
780 973
697 865
503 908
970 524
993 819
860 570
988 777
579 880
893 940
976 522
837 803
683 693
555 746
967 909
976 553
647 543
859 537
531 600
664 661
743 998
970 887
605 798
743 957
642 836
884 930
803 860
864 810
513 530
876 658
709 823
779 866
608 647
981 851
864 871
703 924
539 683
894 798
800 521
766 858
982 929
521 904
774 680
812 698
844 548
755 686
936 542
915 918
747 547
758 825
988 834
755 826
855 908
527 832
752 594
781 667
591 816
538 771
719 708
973 930
731 537
663 734
900 913
860 513
792 934
741 802
673 608
990 834
757 518
657 755
712 830
919 840
704 700
665 846
650 622
575 934
927 524
913 991
938 903
592 913
917 507
579 551
853 522
636 650
883 804
670 525
717 556
836 844
797 887
934 510
655 938
933 652
673 934
967 835
836 640
988 822
751 574
923 737
528 946
896 885
676 862
794 679
836 693
635 990
717 928
745 649
585 737
903 563
842 676
739 828
925 990
588 991
793 748
838 993
883 669
966 529
618 637
644 547
607 978
915 889
542 739
777 573
649 746
945 644
857 732
679 827
548 996
1000 710
859 894
793 726
719 712
551 525
860 798
649 768
649 619
925 958
991 759
861 512
547 924
617 546
592 588
857 661
596 773
607 917
844 694
780 673
889 505
926 581
859 837
947 556
553 915
525 729
858 889
702 808
769 564
627 694
871 688
623 746
594 893
879 645
619 781
750 733
615 567
984 695
593 591
545 817
796 773
802 809
509 632
760 606
845 666
617 894
832 619
817 997
659 611
617 848
708 830
559 820
800 596
556 868
777 618
919 805
953 712
737 616
783 511
504 876
854 947
583 613
828 626
550 637
729 970
903 611
768 926
786 932
713 964
675 513
839 891
584 535
961 581
884 900
537 814
779 818
956 597
732 691
874 925
839 799
563 868
510 961
933 996
678 890
873 642
852 631
580 714
883 1000
925 781
550 841
695 969
756 882
740 733
755 884
792 910
519 826
954 996
967 775
590 867
557 562
930 708
635 689
769 672
846 882
696 910
824 655
634 583
738 760
811 765
531 611
987 714
503 548
874 704
651 581
775 587
1000 662
589 592
893 767
667 655
838 714
519 934
511 536
638 652
565 730
711 859
875 674
936 965
729 615
952 829
846 999
857 935
612 577
594 984
545 756
740 900
575 849
970 731
630 785
536 584
927 877
663 873
525 749
713 957
668 822
637 696
575 697
799 866
848 593
931 512
770 545
843 741
686 798
915 580
653 564
920 716
894 668
611 817
525 581
753 922
958 845
834 622
793 916
925 742
994 817
648 632
794 634
920 747
693 992
844 866
538 635
997 757
710 545
738 591
522 818
682 866
554 543
821 571
845 819
698 630
934 880
682 561
874 784
661 783
525 626
548 616
885 684
759 893
780 602
538 983
653 784
698 758
551 857
788 542
889 575
540 549
974 975
752 692
718 549
768 657
612 645
687 998
740 996
850 588
523 862
550 956
865 564
814 695
764 931
967 662
626 788
632 600
939 557
661 619
879 625
832 828
858 520
803 774
840 900
978 820
619 533
576 617
668 889
950 579
560 700
888 872
793 516
898 690
561 775
736 950
789 631
888 836
787 525
946 944
916 886
686 938
573 519
943 676
626 903
882 679
652 846
877 858
567 507
941 624
571 577
769 929
771 867
812 986
855 730
854 931
628 908
882 668
897 637
520 523
807 560
713 528
941 852
795 686
983 576
801 946
976 962
562 760
613 994
858 816
685 964
652 881
794 772
572 518
777 920
916 642
583 506
750 692
582 724
617 868
556 552
730 825
980 969
711 790
788 969
700 820
894 995
955 809
506 635
754 606
927 567
569 724
759 962
931 915
807 734
829 839
659 573
753 550
635 739
622 924
514 784
570 739
822 996
738 789
998 878
501 908
954 581
958 876
947 917
898 586
877 689
565 751
681 605
980 983
746 920
629 800
710 817
811 787
743 609
809 694
641 732
778 544
556 524
764 773
977 536
783 578
527 706
902 597
724 654
670 838
920 552
527 599
637 516
863 642
673 693
839 562
719 879
625 606
801 622
963 924
913 873
586 573
569 950
678 904
717 707
625 716
693 831
986 512
598 907
554 720
716 958
816 962
964 692
533 637
769 924
942 891
542 942
646 946
978 569
604 828
557 898
886 823
770 938
542 609
564 577
566 890
769 925
936 849
704 613
589 584
761 875
620 917
776 960
685 537
909 749
928 874
950 865
706 582
540 600
711 685
504 589
567 695
678 889
514 685
934 600
940 703
661 628
627 877
825 884
704 583
818 717
628 760
861 804
548 927
754 968
795 955
808 511
531 568
931 793
866 555
810 967
719 872
945 711
667 580
705 657
995 606
769 625
872 727
775 547
806 758
661 738
630 903
693 824
923 898
982 802
900 769
809 500
589 603
580 948
647 521
757 895
878 592
775 886
932 535
583 965
656 871
591 924
636 540
636 765
983 727
752 713
666 523
604 852
913 663
584 925
653 562
829 807
975 985
537 920
671 532
928 503
923 987
926 850
964 553
890 867
564 583
717 526
577 514
515 999
596 618
535 551
776 717
662 659
670 691
622 813
763 958
704 632
501 937
931 881
950 923
551 555
949 950
964 866
772 683
986 841
535 678
791 912
500 511
841 760
853 748
738 618
572 563
602 585
660 763
606 966
682 866
511 980
821 791
793 983
803 798
938 590
552 555
958 899
886 753
671 918
826 981
732 814
687 519
745 575
826 953
733 517
571 770
907 659
503 897
549 630
876 696
724 878
903 987
990 626
846 847
607 536
800 990
684 804
796 761
534 779
961 797
850 911
673 986
770 781
841 775
948 960
692 679
959 798
916 578
744 520
873 762
677 965
737 935
595 647
545 900
568 598
977 833
717 939
991 819
915 523
858 687
863 542
794 924
983 607
664 852
941 967
704 561
796 739
862 678
587 883
757 952
919 869
615 528
584 838
917 951
659 803
728 615
822 693
855 765
758 779
756 750
845 905
510 785
937 863
985 698
764 658
961 838
954 826
996 983
885 541
500 646
837 529
538 863
900 870
807 813
721 717
566 878
759 656
556 700
600 905
920 550
883 686
582 857
617 547
620 825
577 809
524 525
762 831
736 900
781 841
870 919
592 624
801 761
657 919
563 744
752 946
807 835
983 731
553 972
967 830
502 831
581 823
874 645
773 842
884 919
541 883
580 948
722 788
596 831
838 571
548 878
602 532
770 806
967 584
629 948
735 787
829 801
575 529
689 985
884 968
745 914
986 839
707 753
709 1000
830 585
772 586
559 566
977 817
965 623
915 654
994 520
999 792
617 974
604 660
934 615
806 593
999 810
963 506
712 812
714 798
838 710
525 579
569 909
515 690
800 943
578 984
725 766
848 584
896 913
814 703
932 795
924 956
791 754
937 698
848 521
893 804
683 544
944 992
723 707
753 982
740 613
572 758
957 521
826 593
841 853
883 888
724 973
849 930
690 509
950 521
717 649
976 850
544 965
599 608
569 523
927 505
654 851
742 650
895 638
763 579
544 818
988 982
980 658
930 952
955 827
901 599
646 917
735 724
502 541
902 955
884 766
980 923
789 806
626 705
569 781
908 822
735 854
512 885
858 783
929 643
752 510
841 896
946 820
803 523
559 750
980 679
944 518
827 688
566 650
591 954
757 876
928 785
760 839
808 813
514 665
925 881
803 882
518 756
990 558
795 732
905 920
872 757
906 899
610 578
751 629
748 982
636 617
585 842
896 987
999 650
877 751
846 711
585 968
534 812
942 815
890 557
913 887
708 612
537 671
674 732
652 923
686 547
667 765
637 895
950 662
950 800
706 699
949 793
715 883
581 1000
929 980
680 524
523 939
601 990
968 790
740 641
980 892
711 844
567 738
725 927
716 544
872 939
556 935
536 560
916 1000
549 905
656 807
659 780
690 686
570 985
597 866
779 743
738 862
592 580
928 787
754 915
908 523
927 653
814 896
865 827
689 641
593 627
997 740
876 837
724 862
743 825
799 795
781 600
807 848
627 990
699 973
757 604
527 549
621 804
554 927
535 673
813 964
711 533
525 985
874 917
647 672
581 955
705 968
628 631
622 621
848 505
757 947
550 777
936 605
746 774
561 659
727 721
513 981
550 594
581 596
916 634
548 987
760 945
528 803
746 586
668 874
955 993
936 631
784 801
860 541
674 732
776 769
842 789
660 710
737 640
977 968
627 936
834 692
934 525
629 509
830 803
949 637
597 728
527 747
691 753
664 994
629 887
742 836
653 674
526 735
615 530
709 525
870 626
927 592
691 671
503 665
941 598
577 540
524 846
504 864
911 942
556 590
877 733
943 715
655 538
708 699
551 603
760 579
971 758
621 786
599 854
898 882
860 590
757 562
623 755
963 856
833 686
639 780
735 848
951 982
732 612
735 841
581 940
643 521
738 528
574 987
627 892
695 748
917 989
726 960
936 761
629 780
619 873
891 519
667 736
841 538
561 746
585 727
995 928
626 731
754 887
912 543
782 629
840 653
966 768
819 941
965 961
559 972
736 623
627 981
576 655
957 908
576 891
1000 652
734 608
873 782
842 990
815 509
833 586
503 791
649 636
728 646
520 562
695 845
916 1000
599 597
746 513
641 883
520 693
545 702
862 804
962 883
835 755
869 777
717 967
976 720
840 567
558 773
640 981
876 717
692 761
512 511
622 765
990 582
574 856
737 964
541 642
566 639
530 847
583 791
547 846
961 691
662 594
969 912
830 583
915 757
812 920
603 947
774 821
872 536
740 731
723 954
677 721
651 621
917 624
664 926
598 582
918 737
764 623
984 645
624 607
618 937
731 922
843 617
828 956
736 839
807 655
771 959
831 779
628 841
735 548
805 791
709 677
748 895
545 695
841 803
869 927
854 676
656 614
907 706
543 887
692 987
516 946
983 514
788 506
948 933
894 977
625 773
869 629
978 832
714 522
672 971
923 898
548 539
726 774
835 655
928 742
578 638
932 947
528 877
576 974
548 810
510 932
872 546
899 829
624 838
769 833
506 520
700 872
630 800
944 521
988 737
758 685
943 787
951 654
562 647
790 508
978 771
954 850
638 863
598 894
879 797
766 578
966 888
780 526
639 580
667 897
501 603
863 987
810 595
891 931
855 840
849 717
821 568
907 563
722 649
981 847
648 815
801 955
504 522
948 990
906 567
795 697
626 554
950 917
602 873
509 920
829 974
798 925
725 1000
808 617
908 699
575 691
699 531
763 711
806 965
797 781
744 784
780 939
834 843
600 780
728 526
917 586
672 795
936 658
774 838
533 640
984 510
898 676
636 582
561 616
841 512
746 581
766 575
860 554
817 529
725 741
823 865
806 915
649 714
778 645
621 546
550 657
815 931
614 909
511 675
815 744
699 800
566 821
779 899
777 530
653 998
713 697
809 923
658 779
931 940
529 678
720 998
948 586
611 932
956 872
525 788
654 508
838 818
655 819
593 515
854 720
742 656
847 855
993 852
513 591
883 661
871 868
766 594
701 775
585 615
551 815
656 527
791 532
839 595
787 572
898 618
699 537
870 654
672 703
540 694
657 563
736 883
892 649
671 611
567 754
578 991
558 643
505 722
796 956
995 713
858 537
969 854
627 744
974 615
885 875
509 695
937 962
576 690
540 656
800 930
752 912
941 910
660 831
708 522
684 963
876 618
880 824
982 509
930 582
732 833
963 992
768 924
754 793
915 529
597 565
757 860
772 899
980 547
503 614
984 869
771 947
586 779
641 647
920 984
632 782
632 746
959 816
727 567
957 852
833 981
772 916
744 634
591 808
787 635
534 786
692 945
633 504
951 883
503 708
946 915
860 588
727 855
673 501
964 685
536 631
518 920
694 594
697 627
865 787
774 870
756 832
592 677
602 785
622 835
886 759
959 624
502 774
770 791
715 725
781 743
979 975
735 707
834 769
850 723
775 524
681 669
870 691
896 975
853 856
652 738
561 767
929 634
801 666
649 686
833 655
792 548
915 558
620 861
716 572
891 727
782 623
753 596
878 661
936 507
872 531
832 899
922 827
524 608
908 743
666 500
721 764
733 812
764 889
925 524
650 698
603 785
535 899
772 949
560 950
588 721
859 860
815 819
823 595
598 675
640 817
701 941
611 929
571 592
623 927
831 818
747 627
811 696
790 919
869 991
970 518
638 597
594 517
553 585
984 828
674 729
774 654
687 1000
730 958
824 681
989 681
699 771
706 775
719 922
569 596
909 976
591 500
568 986
848 788
781 915
601 518
601 676
652 846
725 593
571 582
790 602
756 750
799 623
567 584
937 758
626 991
565 815
720 977
659 627
714 792
671 684
977 791
705 881
792 900
928 703
715 567
588 961
668 606
794 607
860 872
782 956
874 659
958 824
755 532
571 599
825 830
690 997
566 799
941 621
537 724
524 645
960 732
917 725
699 672
571 786
950 989
581 714
949 656
813 752
932 661
558 749
766 554
762 545
583 595
993 610
500 998
767 940
597 991
907 774
556 955
897 620
943 689
503 788
849 726
944 596
541 633
908 570
564 993
771 779
635 848
864 709
837 934
962 516
557 879
564 573
884 520
723 830
990 930
874 926
988 753
507 537
880 905
724 616
794 925
939 851
742 979
938 672
775 672
520 508
541 552
860 938
824 984
932 583
909 993
558 545
769 892
955 858
607 861
726 852
868 951
702 711
536 545
946 916
588 888
899 647
642 527
612 813
566 629
996 801
593 726
556 723
676 572
764 723
666 988
989 982
999 795
656 574
952 746
671 510
562 525
586 686
711 662
585 609
849 981
557 582
589 757
508 970
656 672
877 981
587 600
648 821
902 701
599 952
865 595
555 735
569 956
840 623
600 855
591 509
579 888
911 847
841 671
624 928
547 678
922 500
550 917
547 974
996 963
506 720
899 724
831 757
596 879
647 517
896 797
694 845
924 974
914 775
930 832
628 578
783 565
995 595
577 971
852 928
586 735
722 754
839 672
888 796
732 689
515 796
823 870
846 509
986 596
815 502
600 637
757 958
557 565
703 998
631 592
727 729
971 723
543 749
734 957
553 876
924 784
515 655
665 529
761 999
532 956
541 516
513 595
534 623
557 592
930 540
942 990
550 761
608 860
570 833
706 676
604 663
678 818
628 871
962 869
760 982
685 603
937 956
594 676
690 803
954 738
597 853
761 642
693 741
667 998
657 720
785 963
611 998
885 915
894 843
630 683
843 512
915 924
645 548
787 961
854 613
874 844
679 627
921 785
652 949
807 921
606 576
855 589
948 941
708 712
563 973
563 978
646 964
922 874
827 574
559 648
660 703
957 509
790 857
546 629
689 624
767 940
855 925
962 609
936 644
981 651
555 927
594 727
509 770
979 643
729 932
828 805
642 906
772 765
603 716
735 968
526 636
847 508
942 776
680 555
641 533
702 664
597 823
504 649
915 910
870 690
802 581
549 709
686 695
638 684
897 643
797 806
675 627
977 650
722 556
555 908
803 718
543 750
641 995
994 875
777 597
702 992
554 545
542 924
838 783
938 702
744 568
519 933
584 990
583 645
596 583
592 974
833 549
853 597
979 621
786 846
833 523
792 890
826 821
850 732
695 798
586 915
782 544
996 656
731 540
601 703
783 769
615 937
578 569
625 911
778 524
616 804
790 873
865 736
973 829
963 725
606 585
889 998
595 766
831 657
934 837
825 597
913 922
563 995
955 754
740 912
531 589
638 683
851 924
567 993
963 617
556 715
693 509
928 644
723 787
607 795
688 724
954 596
893 705
848 740
934 611
608 739
902 873
891 594
584 863
973 730
724 550
702 703
809 872
624 691
753 587
702 760
730 918
755 774
555 558
642 627
753 794
944 767
878 731
893 846
676 904
600 555
828 762
870 699
815 933
781 640
714 701
891 565
996 599
800 741
855 539
972 633
629 741
788 614
687 574
871 627
630 994
838 911
612 754
529 882
989 987
884 632
553 502
721 503
904 622
883 650
817 640
534 877
600 635
982 917
641 524
650 996
706 660
984 692
753 525
772 576
804 631
715 985
929 734
688 813
614 524
511 674
659 886
991 823
889 643
705 668
710 751
536 723
542 543
597 904
725 671
931 841
807 759
935 694
847 706
707 797
898 706
544 906
880 838
851 626
942 524
887 543
547 513
622 740
852 651
877 839
519 801
555 948
604 990
624 724
717 693
667 527
822 614
540 714
706 746
860 995
867 950
799 621
637 936
696 681
649 618
951 840
716 667
775 547
910 925
596 664
513 532
504 734
562 570
684 570
895 809
624 917
858 954
842 900
516 551
572 984
750 562
652 864
502 608
993 534
748 526
546 561
568 659
574 859
544 927
510 705
949 552
756 983
852 666
830 887
932 526
901 803
967 566
763 904
861 646
582 815
950 980
581 848
507 725
554 597
923 762
808 641
929 634
877 710
525 747
936 955
715 625
879 693
559 716
825 975
988 762
783 820
801 772
530 766
678 894
915 631
780 646
785 673
542 622
671 591
534 691
946 987
665 987
553 874
545 970
815 853
517 867
834 940
895 754
838 708
942 686
848 754
547 907
831 567
790 771
564 837
624 967
966 924
983 724
833 967
828 881
720 620
946 703
795 915
770 848
723 973
777 715
512 668
744 933
667 756
879 814
729 840
909 877
884 984
541 886
631 894
514 596
764 949
730 699
941 577
800 680
666 706
527 526
577 820
842 543
524 800
616 877
535 700
644 674
790 923
803 743
533 650
848 670
660 655
879 679
775 940
820 815
525 507
515 806
845 696
571 733
642 564
986 781
797 555
673 899
665 524
964 646
948 646
705 923
525 848
887 781
707 867
505 616
908 531
814 589
575 936
792 757
750 507
881 563
723 848
662 978
722 994
846 740
624 527
632 783
701 860
744 674
926 590
717 727
604 589
793 871
514 661
629 662
603 729
504 876
682 636
902 950
790 972
914 602
879 682
708 967
521 532
964 991
967 875
833 620
917 668
804 758
848 962
503 595
988 644
969 627
894 571
872 873
609 922
689 545
757 505
901 667
967 912
916 961
545 767
950 627
996 817
571 886
628 714
875 630
683 955
597 567
570 671
789 770
578 705
510 665
827 694
996 747
618 834
584 845
547 599
575 756
671 557
919 612
786 519
870 895
864 710
548 768
552 614
588 527
790 703
955 516
908 804
829 883
654 773
901 809
617 943
780 778
529 642
680 810
802 829
575 793
587 972
656 994
858 976
514 795
626 792
865 776
515 729
654 834
611 943
864 681
539 611
792 593
789 902
658 801
933 923
525 561
636 875
896 524
533 994
981 944
990 618
532 666
785 721
848 556
592 759
883 620
886 547
816 517
606 735
707 768
745 801
542 797
756 674
705 871
621 630
722 606
865 747
906 780
964 912
738 968
726 990
856 654
594 686
683 795
762 965
608 994
569 828
680 586
574 845
955 987
572 810
753 849
942 584
859 787
839 990
887 759
816 945
686 829
518 826
865 589
950 778
921 621
606 542
853 750
983 649
909 596
995 795
511 866
682 918
589 938
720 845
603 857
858 767
974 980
582 765
673 947
514 833
945 506
833 882
929 920
542 719
627 696
502 675
586 764
540 997
985 815
801 776
835 844
807 842
640 560
776 816
551 664
747 633
887 989
795 583
594 988
509 616
878 597
753 998
591 770
540 965
584 797
975 595
920 617
571 718
928 502
897 630
842 595
886 507
617 926
981 977
603 974
843 748
760 748
863 745
507 693
764 829
666 817
840 628
972 720
944 668
542 684
545 846
561 619
814 572
967 654
632 950
949 725
543 792
628 829
940 916
941 970
928 687
740 609
798 560
916 583
654 834
799 803
533 560
928 869
760 579
830 785
637 752
632 564
602 789
749 689
644 902
637 964
642 567
961 616
959 702
927 512
948 575
765 824
782 933
907 704
656 804
696 717
966 550
548 820
876 993
592 645
873 675
654 592
722 870
925 502
617 753
561 927
917 507
783 893
665 805
574 695
575 889
675 664
614 937
754 546
555 764
635 715
794 587
520 952
899 741
520 661
749 591
713 698
801 571
537 647
944 789
940 612
770 613
837 979
526 502
617 827
996 667
868 551
927 890
668 858
797 598
923 798
838 661
656 938
955 825
937 778
776 716
783 845
555 562
721 537
785 534
732 616
688 937
871 873
720 632
998 827
941 695
734 571
688 945
768 988
920 863
697 950
879 786
895 735
664 938
578 677
524 680
802 843
604 808
957 654
530 534
612 845
565 502
575 884
962 994
516 824
895 646
650 502
874 531
506 950
795 556
987 577
935 556
850 683
705 512
698 844
851 974
713 969
799 968
732 596
791 527
903 534
628 962
962 821
720 928
789 646
800 542
536 529
577 933
956 718
646 598
685 756
620 909
889 741
959 824
955 516
789 620
864 974
986 805
654 603
503 725
631 703
825 659
633 632
595 609
782 666
740 687
676 598
915 937
717 863
678 940
636 928
511 680
692 959
712 923
890 617
639 559
663 569
504 537
977 819
878 691
786 944
792 526
660 744
887 750
929 505
566 593
818 915
651 825
845 847
855 769
962 807
791 565
850 615
521 948
529 718
773 557
958 874
729 559
552 803
685 523
925 589
856 806
875 939
981 505
519 501
585 519
961 611
693 957
549 963
941 770
627 819
829 664
848 872
845 698
699 660
614 541
545 973
752 832
885 839
896 533
511 965
773 536
584 983
955 583
532 698
672 709
712 769
787 880
882 950
920 887
578 899
687 795
673 704
923 590
995 793
784 517
851 914
963 658
682 667
834 577
570 538
684 784
677 680
973 757
612 918
913 898
800 588
656 854
578 585
771 564
711 976
722 990
997 917
855 749
501 845
688 843
796 805
999 718
578 734
683 576
799 620
528 772
777 508
876 822
652 537
884 696
653 877
896 662
674 652
649 877
746 920
792 534
920 546
778 913
791 587
929 720
948 921
632 827
520 679
717 791
525 762
650 768
842 829
627 632
808 806
695 523
761 640
525 744
794 878
748 701
976 762
585 720
980 825
951 802
790 563
686 923
598 540
824 688
759 620
574 733
865 756
915 923
813 997
824 848
871 567
977 580
927 686
736 776
810 685
717 736
932 633
848 650
847 631
619 748
678 695
667 814
756 841
626 962
835 813
509 688
992 650
796 576
704 834
769 955
784 855
562 612
791 929
837 744
735 521
953 553
556 564
835 939
554 814
737 789
899 593
927 890
974 525
863 739
527 538
557 817
577 532
693 563
606 506
949 964
928 628
678 552
678 784
680 535
726 767
511 508
742 614
513 550
828 639
889 794
760 526
981 860
565 745
502 632
731 809
890 912
856 511
645 848
555 705
821 793
792 698
823 763
840 687
798 584
757 577
860 955
950 902
776 678
956 615
744 886
910 841
791 824
656 798
703 778
975 809
850 930
843 820
750 580
612 622
800 869
682 632
913 806
840 624
564 990
758 590
807 702
851 592
760 924
676 819
709 942
763 539
813 558
703 927
648 971
554 769
655 993
578 915
848 570
792 899
700 993
806 543
825 758
599 967
544 691
583 949
903 888
811 827
861 649
591 711
625 682
779 718
739 677
874 566
520 635
904 522
507 695
901 599
771 656
708 582
524 798
635 659
771 916
711 624
926 683
508 951
957 500
887 948
996 846
704 862
562 645
945 639
957 715
902 921
510 992
740 954
806 693
844 719
830 625
990 582
666 846
594 729
733 767
518 623
899 756
776 891
715 632
940 689
868 829
592 564
742 855
521 656
999 717
915 553
546 809
633 568
562 639
951 694
866 874
836 574
938 787
620 742
931 883
632 584
962 933
957 666
803 906
671 683
507 688
943 595
937 660
889 648
600 659
765 853
861 866
962 874
844 928
791 533
980 658
637 739
589 578
857 712
907 645
715 874
518 984
508 500
542 922
533 1000
615 908
872 660
633 801
640 900
978 606
525 966
799 637
571 981
761 650
849 726
553 654
895 701
937 689
960 769
538 532
514 976
503 831
964 932
948 809
617 726
866 659
782 917
792 629
881 712
992 767
903 735
896 709
825 522
975 982
787 730
873 937
884 918
979 731
832 536
956 726
843 681
928 564
943 524
872 503
954 641
524 525
582 736
514 689
616 888
890 623
595 848
717 995
692 988
851 869
591 865
764 726
871 523
522 752
933 576
527 848
696 948
668 547
795 604
652 967
702 542
794 944
721 607
567 845
654 603
923 796
588 747
894 991
936 631
827 642
506 798
913 624
737 950
804 924
650 973
737 730
656 761
570 648
938 857
632 588
738 517
720 838
758 780
859 709
728 730
943 978
905 815
569 879
961 606
922 888
981 628
962 502
504 954
960 508
709 837
831 916
739 617
500 506
677 667
848 905
895 950
841 882
711 785
680 954
776 811
706 814
871 600
944 603
578 715
824 527
987 601
965 831
836 821
653 650
680 663
823 723
682 962
620 659
880 758
509 755
543 738
608 652
920 909
889 835
922 608
571 648
711 920
970 589
799 809
995 510
548 779
976 590
599 879
889 588
791 799
869 819
580 927
959 830
539 634
903 683
909 700
564 752
784 607
667 982
634 530
507 688
844 866
847 930
718 864
848 887
628 526
877 762
818 664
530 707
792 877
795 659
621 717
872 630
709 676
654 609
927 902
712 816
828 821
882 583
798 984
743 625
856 593
607 819
821 850
972 762
943 803
822 981
849 857
711 871
965 705
795 741
871 840
754 592
707 952
500 889
557 749
699 625
979 958
855 642
822 664
772 898
690 816
976 914
909 765
973 834
631 539
646 621
962 762
827 838
765 547
890 670
525 731
933 876
858 870
807 652
569 662
712 565
879 540
620 770
608 651
677 577
639 609
938 956
763 731
986 695
880 807
810 816
818 840
734 651
668 814
604 599
774 859
534 945
873 813
845 712
925 859
607 630
524 718
574 766
710 827
533 882
645 717
798 758
849 530
573 854
598 962
965 699
699 625
563 868
719 625
758 632
614 735
947 632
948 836
979 545
547 987
764 860
534 919
941 737
531 893
823 903
871 750
544 949
798 530
891 883
854 787
659 982
633 579
973 936
760 882
862 543
783 714
854 896
966 866
636 685
660 802
779 639
724 906
930 888
567 504
589 807
738 872
934 861
939 805
916 877
808 956
937 642
560 953
823 778
662 718
845 649
800 716
835 875
624 809
986 900
749 901
757 804
735 517
826 503
558 645
972 604
875 946
974 504
906 681
564 804
826 677
927 639
618 633
715 859
765 873
832 667
944 689
910 726
582 646
777 978
575 719
529 582
684 719
663 623
939 650
557 641
531 869
556 964
809 933
681 993
597 793
907 585
937 897
902 857
790 743
780 886
927 648
936 598
507 801
805 905
696 544
513 556
532 584
854 734
850 877
913 807
852 845
964 994
642 859
976 661
690 938
599 650
916 811
553 776
612 973
930 667
768 874
567 997
964 561
663 630
916 586
923 615
534 575
557 817
519 952
721 536
675 811
933 629
558 617
968 880
847 978
799 617
845 564
968 825
829 554
881 645
776 614
507 996
916 783
784 880
907 608
872 921
849 959
846 667
764 984
838 912
944 940
901 646
687 607
882 543
580 856
756 971
632 997
762 681
826 962
645 516
770 552
675 739
800 608
647 605
834 768
737 827
762 560
817 577
994 736
539 548
913 553
699 720
922 941
653 919
907 702
888 660
646 591
895 812
541 556
509 764
748 915
958 735
922 919
826 667
783 821
601 770
614 989
649 964
681 855
795 665
551 579
739 803
970 545
693 559
784 831
764 926
727 636
731 880
521 962
570 525
975 825
775 800
648 818
918 612
678 640
921 555
595 532
966 592
576 848
911 539
564 517
902 542
608 626
934 677
884 757
551 905
569 634
701 890
683 561
704 987
520 827
564 745
845 684
816 728
779 877
849 829
645 530
969 509
916 707
631 827
696 683
968 844
881 810
702 947
895 968
890 716
780 916
825 539
887 657
548 895
724 931
660 741
525 894
782 526
914 769
511 912
941 812
531 802
794 673
636 528
999 894
999 876
976 889
804 660
559 537
850 548
844 517
637 558
503 850
555 820
925 787
509 971
981 562
575 785
906 558
851 594
970 642
881 510
974 840
957 733
544 989
851 529
787 854
642 890
883 676
585 731
983 925
632 726
544 694
610 905
728 635
556 925
847 544
868 511
703 976
757 824
525 659
933 568
796 540
540 965
877 864
921 567
869 945
539 967
928 703
591 558
790 661
896 832
684 664
585 790
632 860
797 947
535 511
632 705
567 812
593 957
939 693
801 795
767 895
941 589
693 613
712 740
992 734
836 543
602 988
827 519
789 827
564 720
987 771
671 837
701 774
602 609
611 827
563 886
724 588
735 653
526 950
507 784
599 859
764 833
839 944
848 857
720 906
584 979
761 536
992 987
994 507
780 511
826 927
954 511
521 856
811 955
642 666
773 968
994 926
677 655
694 768
861 927
548 865
823 818
851 896
536 815
905 639
580 735
544 860
948 923
846 924
889 548
780 863
962 926
912 583
721 695
567 669
504 847
646 923
653 987
564 992
725 962
874 922
978 588
882 794
882 690
745 561
789 646
991 672
523 959
592 568
947 901
531 619
956 734
512 943
843 737
804 695
808 683
590 741
893 755
597 858
742 506
913 796
564 984
631 778
962 846
819 695
737 595
571 527
828 867
648 615
840 791
531 737
958 622
958 741
989 614
541 992
606 538
701 841
709 926
515 739
741 813
862 768
958 635
569 744
746 939
560 610
982 732
563 887
594 879
697 526
769 956
658 579
871 807
689 600
831 792
808 694
634 552
816 761
771 722
872 901
553 734
730 986
895 676
646 742
614 980
702 796
581 635
716 524
986 526
854 588
994 685
780 776
724 982
737 869
858 975
715 600
544 982
610 637
942 741
693 939
997 957
916 630
586 655
504 667
564 624
720 880
804 806
613 649
818 928
930 872
684 930
968 749
501 609
789 876
736 552
760 605
891 840
750 719
561 611
727 525
769 809
631 543
712 729
663 667
525 626
674 531
977 723
881 991
875 620
813 779
879 741
652 767
698 983
718 514
740 792
926 978
507 683
1000 510
620 890
688 923
771 790
535 579
854 504
898 976
507 610
791 729
603 961
612 762
746 546
577 845
887 829
622 976
630 629
602 630
759 809
823 693
870 946
516 987
568 804
507 718
789 931
592 782
521 914
791 836
819 597
554 687
633 876
949 856
642 517
886 733
796 691
582 680
830 616
653 646
858 722
839 843
559 688
634 506
926 601
512 567
532 654
683 658
622 784
775 718
965 534
985 526
634 804
879 609
760 893
653 554
949 933
589 807
959 977
949 793
593 940
612 821
739 702
672 547
533 566
810 569
847 676
897 943
849 919
724 902
953 944
587 723
704 708
650 659
625 919
513 615
791 651
868 926
548 944
543 769
841 814
658 663
854 739
839 527
647 971
865 978
556 823
995 780
641 841
939 517
982 798
753 728
703 997
989 767
542 562
579 995
860 961
985 656
879 677
643 775
501 728
521 680
977 644
978 624
844 580
596 642
665 947
563 693
539 958
749 897
565 994
739 898
835 607
710 872
718 710
525 776
903 566
924 715
865 990
564 970
682 893
540 935
579 652
822 775
932 946
518 811
638 721
813 849
798 919
805 887
702 776
942 553
899 775
672 664
576 934
869 898
940 581
856 774
771 965
625 539
935 783
572 750
959 735
672 883
761 896
875 681
502 977
597 975
801 988
614 972
530 646
690 687
554 531
789 983
957 703
779 628
725 548
690 822
534 974
799 791
553 648
590 502
566 815
744 581
648 989
607 845
513 578
969 894
766 856
595 895
941 862
882 673
662 504
669 799
736 621
527 995
524 704
807 741
825 726
614 637
647 676
997 535
532 867
506 959
671 782
928 893
966 638
940 912
853 686
936 928
796 549
902 949
627 701
999 611
829 595
528 661
576 621
837 531
655 753
524 620
833 666
832 562
526 923
515 504
636 691
946 820
538 749
518 704
607 717
572 935
979 503
887 759
769 848
927 744
853 779
854 959
862 848
501 762
628 815
556 610
549 750
524 631
781 635
598 581
500 993
979 970
639 850
616 800
520 935
920 792
744 612
712 546
976 575
774 961
767 827
763 692
579 932
775 957
503 839
917 977
743 711
655 724
675 886
901 898
793 872
831 909
779 550
890 844
685 692
712 634
702 760
607 836
595 954
555 690
546 728
510 558
601 784
617 818
792 727
502 613
938 515
904 525
686 901
613 642
924 930
914 577
835 997
873 938
573 547
591 884
823 677
752 705
907 868
759 643
553 800
828 746
704 976
753 960
860 989
932 973
795 943
690 556
720 559
661 878
575 689
507 996
954 714
534 803
588 727
753 949
594 624
640 859
772 914
945 894
710 945
959 847
641 936
773 623
916 728
608 537
986 716
769 698
618 695
791 694
505 933
959 892
912 994
698 849
731 720
904 915
808 970
705 547
761 883
532 953
656 506
816 923
520 997
796 823
637 731
536 772
869 943
712 557
801 697
943 518
592 594
875 950
935 835
617 959
868 967
928 737
685 517
671 549
638 573
545 861
999 656
942 811
573 609
640 524
579 957
839 993
835 668
578 622
797 937
733 769
712 857
718 912
840 891
522 881
677 905
971 593
640 537
850 558
799 826
816 772
529 833
601 828
688 634
655 560
630 554
510 623
623 523
676 644
584 966
801 595
889 873
804 938
645 887
591 970
924 817
588 774
820 673
908 896
995 822
566 555
728 824
874 663
896 978
652 529
929 761
747 894
862 556
877 927
886 925
976 742
652 523
721 672
672 932
649 946
577 686
593 690
992 697
652 755
637 500
531 668
749 658
658 590
648 720
545 731
808 860
550 732
526 662
713 543
594 751
899 785
989 690
509 716
930 822
603 548
892 771
904 943
680 692
997 861
819 545
907 970
801 514
652 569
896 752
727 919
576 855
922 897
772 942
720 750
642 739
784 548
599 905
643 533
567 734
636 998
732 747
916 985
557 857
547 700
724 908
631 650
832 712
784 854
951 860
527 512
857 593
960 509
829 904
820 997
870 836
686 512
907 908
657 713
873 529
729 758
542 546
665 587
975 621
644 955
870 935
646 584
905 691
632 994
597 848
799 760
508 535
958 721
746 657
955 835
764 602
960 963
935 764
887 842
516 610
652 740
641 538
975 774
617 642
991 676
982 945
847 764
828 890
553 754
608 889
986 500
526 732
874 604
846 792
676 610
948 986
987 948
728 778
780 826
712 536
957 517
713 962
512 802
904 686
803 934
982 665
941 895
866 532
860 758
554 560
846 860
868 723
823 810
714 586
506 922
617 918
994 781
718 797
829 557
904 680
977 628
909 619
976 724
593 968
610 887
813 805
812 773
629 784
924 988
697 554
693 872
657 848
597 515
706 844
800 500
566 561
749 861
805 753
837 892
799 578
525 784
960 640
877 820
545 737
911 625
800 696
831 882
781 862
847 567
633 730
812 545
807 844
913 928
943 528
945 805
932 962
930 587
748 566
793 900
733 760
710 755
547 707
562 601
678 800
729 596
717 921
987 854
882 651
896 879
500 547
980 823
726 534
587 943
537 850
727 507
556 579
929 600
774 728
741 669
936 590
571 901
905 599
702 869
779 995
508 845
553 705
560 561
569 999
714 769
510 765
518 614
1000 967
536 849
737 660
797 977
887 977
628 715
839 953
884 961
678 963
770 657
503 731
731 613
957 728
883 676
709 971
991 752
749 550
586 519
577 808
824 561
591 581
525 588
913 914
842 712
780 787
710 538
769 748
554 601
607 782
989 722
826 677
962 816
971 504
602 685
659 998
544 851
915 531
799 651
561 519
928 651
806 759
796 759
787 930
648 785
779 902
845 742
722 749
579 619
765 701
870 922
994 576
764 865
591 741
559 853
831 840
528 761
637 907
912 902
535 994
1000 921
762 869
827 538
740 676
586 554
751 712
650 673
513 812
546 730
802 847
592 794
740 519
982 783
577 740
550 855
543 506
721 678
573 674
793 574
737 837
948 945
885 923
732 503
728 659
577 875
569 874
742 825
688 943
958 750
697 964
769 932
847 645
915 678
855 958
721 922
835 704
797 846
704 870
807 990
749 885
666 623
702 797
984 837
802 592
855 577
641 548
718 834
777 764
593 862
986 880
668 792
902 820
532 597
1000 556
822 930
931 796
581 995
537 900
879 920
544 906
535 774
835 800
972 541
529 755
560 959
522 942
690 733
976 702
765 581
778 942
791 508
957 972
525 772
891 795
631 621
632 674
615 828
697 742
991 594
580 659
930 613
793 918
623 718
980 669
762 668
735 970
575 601
503 892
692 856
529 965
903 825
838 508
892 718
932 857
876 821
926 636
701 620
966 675
745 505
516 866
547 735
644 798
907 929
679 738
896 590
870 908
817 940
518 733
705 747
540 811
793 768
867 564
633 620
995 949
965 668
750 746
813 561
972 660
849 826
665 863
939 638
967 928
855 881
626 968
687 598
867 892
860 833
858 841
550 711
994 645
819 644
870 751
832 753
796 573
896 832
508 658
928 585
868 649
795 858
934 921
636 732
808 927
716 661
634 578
892 567
667 872
704 908
669 933
595 696
906 974
565 805
627 567
988 543
925 669
681 639
777 826
894 738
699 550
708 551
837 807
636 590
518 638
551 650
939 839
779 578
951 926
512 561
751 708
636 655
639 786
691 530
957 547
754 916
508 704
689 995
853 581
663 957
819 505
530 676
899 664
562 783
933 971
866 619
621 659
664 945
993 959
922 805
921 654
908 633
854 698
735 503
662 575
717 808
866 745
703 575
579 516
803 725
529 651
588 882
685 652
545 629
545 771
690 762
579 880
673 643
686 595
999 758
677 855
974 776
912 618
575 779
563 552
629 828
590 543
183 166
277 15
287 220
425 169
345 110
161 141
206 493
352 371
417 131
51 8
145 63
127 277
221 389
329 114
25 230
203 377
82 175
24 455
227 138
495 167
141 163
70 435
269 83
476 361
321 285
313 168
452 218
1 267
299 469
261 406
471 450
476 347
56 110
480 500
83 34
198 216
466 162
234 385
57 470
320 383
63 255
475 290
442 145
355 271
440 474
43 63
216 47
480 484
116 8
441 420
241 275
19 357
65 69
138 471
143 374
336 125
124 435
465 165
461 330
499 430
163 229
55 177
273 141
66 356
211 28
17 295
416 467
280 39
395 204
142 402
6 438
32 67
120 248
375 443
219 209
132 166
458 100
55 166
291 43
187 291
479 154
429 35
103 151
320 148
44 33
169 494
382 378
224 304
328 281
161 496
301 165
210 415
255 235
118 365
332 87
219 94
301 15
410 324
278 113
274 80
488 252
213 200
482 359
412 187
322 102
418 119
267 214
37 140
1 122
496 107
261 31
216 57
443 234
14 303
16 331
141 17
112 498
88 62
208 199
471 397
298 474
50 380
328 182
150 182
324 319
0 152
266 156
471 500
191 423
431 351
184 331
340 337
439 266
330 137
171 267
119 147
379 483
407 73
213 316
299 227
291 275
378 403
243 111
475 367
171 340
132 227
68 351
446 260
135 348
41 152
175 385
221 446
29 169
355 149
487 282
12 318
92 179
167 95
1 177
410 80
143 100
281 469
140 173
428 340
112 211
262 328
169 262
73 321
485 333
396 119
463 55
414 60
179 79
164 84
261 45
271 437
371 296
3 486
181 65
35 255
335 225
409 7
175 155
399 116
445 364
314 367
245 358
390 362
392 445
331 37
184 259
329 175
136 162
67 267
238 478
18 47
302 149
126 500
149 279
298 331
183 273
25 256
158 132
126 231
170 335
94 114
400 458
91 376
334 12
481 235
386 245
106 475
19 207
50 464
312 458
104 404
470 366
296 61
347 379
249 95
483 433
363 66
304 58
228 444
225 256
304 205
389 412
255 232
17 267
155 172
22 152
155 178
296 42
83 425
487 364
218 334
31 465
488 333
428 425
5 99
206 386
242 206
255 73
169 241
403 203
199 215
410 129
95 61
167 321
98 60
142 29
456 417
490 156
44 442
283 3
39 192
378 175
440 12
24 228
226 483
176 323
393 102
260 372
159 100
119 11
44 409
163 373
332 111
439 143
332 315
366 363
343 232
185 299
173 139
409 370
186 213
34 396
369 263
417 319
258 46
0 463
323 294
345 178
422 444
46 204
241 114
317 32
280 169
436 195
314 400
287 244
39 216
68 201
339 465
341 331
114 205
466 36
402 1
257 284
58 292
431 367
18 193
67 485
366 215
383 138
119 500
115 88
155 330
424 181
254 488
95 322
106 65
487 17
19 245
223 263
477 415
16 408
147 253
106 433
86 327
212 487
324 483
344 316
73 447
169 442
59 136
154 220
402 276
318 81
309 133
305 143
399 232
75 386
411 239
301 165
159 55
145 353
96 414
373 284
448 15
26 108
91 276
419 149
136 157
52 41
348 381
437 440
160 128
142 50
80 307
299 309
260 311
401 158
446 253
419 5
491 294
168 217
359 390
397 316
5 400
106 364
53 328
86 106
361 132
238 241
53 260
398 262
491 77
299 72
210 254
123 321
302 194
286 154
339 299
344 63
237 24
62 77
260 142
126 54
14 85
263 330
444 122
108 245
146 284
496 288
310 175
26 494
386 3
347 267
164 333
421 476
207 272
116 471
120 312
339 397
435 178
328 466
8 139
62 220
165 227
498 122
38 415
438 415
433 423
289 158
157 325
246 495
105 355
347 87
441 83
415 167
46 446
195 491
313 256
409 45
336 306
427 411
107 425
447 203
249 494
496 249
85 278
331 419
406 483
13 234
473 293
210 157
22 171
431 423
434 416
449 148
199 104
8 472
354 215
476 220
348 469
79 402
309 443
435 484
12 243
282 212
326 420
306 48
203 436
47 128
234 455
451 82
399 173
76 336
315 37
152 233
129 50
339 209
348 206
289 246
376 167
349 275
86 300
213 175
439 366
213 340
341 220
303 495
257 377
397 111
325 299
160 313
271 240
80 165
61 111
483 347
477 250
295 196
464 414
368 291
439 209
324 53
159 114
30 63
149 64
472 329
64 477
120 289
384 300
310 210
458 222
107 391
349 274
279 286
61 38
417 264
141 55
451 52
130 240
297 442
390 16
90 259
187 436
59 8
219 384
57 105
105 303
251 351
466 472
289 426
155 395
35 167
272 82
411 191
123 171
173 272
32 364
43 273
442 148
193 119
106 299
382 253
259 405
195 364
191 167
137 179
396 273
212 227
7 284
405 484
116 5
68 154
423 471
326 207
468 25
132 245
305 35
285 87
110 457
143 406
290 88
210 24
212 253
291 258
356 234
45 224
157 331
254 365
479 225
131 221
55 263
203 4
124 248
104 397
63 203
431 271
66 485
265 237
438 298
317 111
106 82
101 322
480 181
57 341
278 404
257 205
204 330
66 203
20 235
105 389
468 72
463 21
395 356
295 439
44 385
465 89
301 265
467 221
344 140
28 158
197 475
5 450
38 143
105 173
295 317
449 362
229 446
256 395
321 455
324 6
351 337
241 115
12 256
208 486
336 268
326 405
92 490
28 2
132 209
19 500
257 420
54 453
497 324
459 185
0 81
121 192
138 208
180 184
135 184
25 285
449 318
362 452
154 467
149 16
339 381
424 237
95 469
76 454
388 259
459 69
485 339
389 37
272 233
106 236
118 390
448 403
70 159
52 244
305 31
187 319
60 203
460 66
465 263
408 180
353 237
117 1
134 189
166 385
45 24
22 478
8 297
469 261
51 318
486 203
94 349
84 386
38 422
83 18
387 392
463 375
377 285
128 276
142 25
384 460
147 364
9 486
477 322
363 63
76 234
275 33
223 162
211 329
447 304
201 169
425 3
5 41
195 417
236 294
14 370
82 314
89 109
466 416
230 459
202 214
469 165
416 207
107 72
249 400
133 211
351 499
149 435
118 61
294 383
485 84
274 223
99 251
261 8
148 367
358 59
358 298
213 72
428 137
76 338
54 241
214 414
38 475
468 475
317 185
494 478
257 264
217 356
421 317
469 37
349 387
144 213
301 399
27 300
101 424
3 61
25 256
209 428
186 349
301 183
2 13
456 316
295 400
268 158
80 243
28 414
245 138
374 349
280 349
177 320
152 119
275 120
304 379
301 427
349 248
495 256
104 102
251 312
62 213
318 196
284 91
392 441
361 433
314 415
279 155
481 234
186 248
108 224
333 413
340 17
408 279
427 176
3 399
351 11
115 386
93 419
36 37
484 315
358 104
413 269
433 353
139 99
196 497
437 178
370 278
439 165
66 303
458 319
433 267
492 144
64 104
132 370
394 383
456 56
97 270
185 286
98 296
220 244
73 409
318 62
460 11
460 432
308 235
226 408
312 7
160 390
172 106
72 151
34 483
96 267
487 186
311 393
482 56
8 48
367 212
171 419
149 235
222 401
195 144
267 201
311 353
431 447
474 111
150 241
205 187
269 444
366 199
307 243
242 28
444 102
489 465
362 131
127 103
204 291
4 280
457 331
287 434
398 348
446 437
63 294
402 142
315 456
205 265
370 165
7 239
470 458
166 15
481 337
22 199
251 23
116 134
350 192
397 150
218 475
192 28
32 144
149 410
420 244
448 86
474 458
59 112
117 107
225 372
313 58
304 476
483 244
1 87
385 475
103 405
132 186
340 403
294 156
291 310
7 281
347 105
272 263
10 248
457 313
400 426
103 160
261 11
3 96
381 433
381 35
258 201
36 88
43 4
442 289
425 481
430 396
67 458
64 381
314 69
376 361
255 406
9 336
199 439
437 491
434 476
27 411
86 54
455 95
497 145
317 341
496 185
36 175
140 227
87 388
246 192
471 483
351 44
176 489
57 316
416 212
75 312
480 477
466 141
58 286
7 389
182 329
375 10
81 277
134 131
427 306
99 358
454 310
230 460
336 81
142 129
239 110
202 115
467 426
488 103
64 152
138 487
417 465
60 88
31 251
338 49
66 192
399 319
432 160
247 207
208 64
207 217
228 290
324 266
331 317
497 341
249 0
166 407
11 17
489 31
336 65
23 444
437 240
250 49
175 30
119 478
34 385
472 243
451 470
443 122
91 105
204 462
68 111
389 468
223 68
159 340
270 50
392 397
297 372
105 143
350 438
183 149
23 240
361 99
394 290
312 318
323 442
128 500
299 134
413 65
314 448
256 73
218 297
500 145
262 322
13 230
141 358
461 389
203 250
198 142
447 42
110 373
189 324
252 167
311 86
255 129
48 420
183 336
497 165
281 337
486 470
253 337
336 61
49 141
417 195
159 57
331 385
56 230
199 183
69 73
166 99
94 255
350 455
451 224
254 215
37 446
90 226
488 267
337 303
291 175
392 248
472 203
489 285
409 146
94 498
392 9
273 238
253 340
413 244
30 116
495 369
307 386
427 65
187 50
447 475
21 414
279 474
350 56
141 142
2 240
359 404
322 422
184 384
166 232
221 263
418 499
118 373
496 307
15 399
2 37
351 367
315 278
204 379
275 71
99 497
191 195
148 444
25 468
20 114
24 305
490 192
252 499
258 198
437 177
215 203
360 449
459 292
465 444
262 300
69 386
397 131
277 310
87 41
218 435
276 485
79 93
367 479
154 472
150 35
104 402
355 398
215 255
376 465
435 425
69 326
320 182
251 98
383 227
168 437
12 415
180 429
65 190
466 479
123 469
214 412
112 407
184 291
130 373
232 251
405 197
242 307
171 207
316 395
192 449
222 284
159 308
130 86
380 27
468 391
440 369
392 60
450 189
138 301
256 435
368 43
120 480
78 90
104 52
308 266
359 79
201 494
469 291
54 393
116 235
333 406
8 125
223 158
111 181
442 309
242 456
497 363
371 65
34 236
90 25
412 29
145 278
144 340
106 73
364 197
104 27
293 137
50 87
359 346
235 338
80 361
158 231
470 342
35 157
251 87
493 97
67 40
14 168
148 88
297 385
96 28
442 90
129 292
211 163
409 43
324 29
189 104
90 118
36 74
407 348
346 212
360 266
202 306
190 270
101 453
359 38
381 123
445 187
469 252
469 11
421 251
252 61
433 111
365 124
211 116
280 139
353 303
68 365
293 393
13 144
406 200
86 441
366 26
281 500
252 27
385 439
101 385
225 114
37 190
407 316
189 279
199 336
174 76
89 106
355 326
252 100
347 138
216 226
141 355
408 320
215 310
82 252
43 432
446 139
119 30
80 11
384 309
497 183
108 277
386 400
301 405
275 480
28 417
182 152
252 48
289 476
485 480
1 224
314 219
99 362
63 58
171 419
82 197
446 430
435 19
416 384
239 320
171 479
173 219
366 363
395 300
346 309
223 245
298 249
374 96
401 473
424 435
69 23
492 419
408 398
171 250
495 423
378 257
471 140
7 23
118 286
191 436
403 358
254 422
331 140
291 129
482 457
446 412
246 124
460 184
461 249
455 325
120 127
23 109
358 259
20 213
307 361
485 268
176 293
176 146
116 38
278 41
47 83
467 487
435 187
108 213
287 0
360 477
329 285
162 392
494 499
131 337
330 40
98 461
225 362
38 352
260 369
44 479
98 169
290 140
469 268
150 406
401 131
393 42
199 291
249 357
384 243
152 5
199 333
386 245
21 39
223 143
149 461
219 396
81 367
280 192
424 191
491 308
481 451
192 271
476 415
108 41
117 56
209 401
279 356
279 447
262 206
151 256
245 310
102 399
341 200
9 331
276 347
35 225
486 218
238 336
437 237
484 187
201 208
115 200
381 476
247 396
95 487
415 162
418 398
334 34
26 224
452 263
241 333
467 31
44 465
168 360
260 455
402 395
52 408
190 446
188 240
20 138
36 16
166 105
458 289
288 96
496 75
218 114
461 331
300 149
242 207
389 32
307 227
98 123
433 483
17 225
336 465
273 123
466 352
327 1
234 216
182 174
146 168
183 499
175 386
154 377
421 371
120 14
286 475
18 21
350 87
426 126
362 103
382 48
58 155
68 5
59 397
245 191
46 253
298 181
252 24
167 426
67 164
362 245
91 129
59 499
260 407
489 91
21 467
265 365
287 144
371 324
436 312
125 212
444 310
30 217
301 185
2 164
77 225
138 157
401 17
27 448
46 102
217 165
462 254
443 113
72 54
371 342
470 427
406 13
431 276
105 454
1 224
455 372
456 274
432 163
93 150
205 270
144 304
101 498
162 276
73 213
193 202
338 292
86 239
109 94
42 305
237 95
398 130
41 91
42 284
316 467
407 105
55 85
277 241
380 37
216 307
439 229
267 337
415 459
271 473
270 19
302 389
372 168
19 326
176 248
428 143
250 308
398 388
393 33
465 334
371 203
414 361
436 372
53 21
365 18
216 446
340 388
438 127
410 62
409 153
39 254
62 314
487 161
80 194
382 109
447 312
42 175
454 387
295 397
230 44
34 265
110 459
54 226
262 199
310 143
412 361
231 473
116 228
374 35
384 229
476 305
241 441
173 273
442 407
261 97
298 225
398 245
250 279
37 252
405 176
163 202
152 90
428 491
20 61
263 422
237 119
394 376
366 118
309 385
457 409
78 363
66 460
283 19
303 48
168 361
25 415
57 366
457 262
196 146
156 35
312 121
193 85
279 378
26 72
442 432
315 350
409 418
20 370
116 373
208 107
299 498
434 449
314 388
434 384
166 53
74 421
302 320
190 278
21 184
361 148
368 151
107 126
234 186
158 208
422 8
368 201
176 448
38 89
333 252
174 132
68 470
487 225
162 426
481 188
484 346
457 315
468 472
94 79
452 265
210 400
358 33
444 230
267 413
194 415
100 167
200 39
182 432
486 32
257 14
261 33
413 485
16 130
473 179
175 65
252 376
302 115
173 355
28 0
346 199
280 105
292 10
174 493
473 265
427 1
233 391
198 215
436 40
133 494
406 140
2 430
266 190
296 329
376 328
132 26
301 36
177 149
51 25
448 239
205 141
431 417
413 304
201 459
67 489
422 490
465 190
270 421
282 0
444 471
296 211
298 315
219 225
161 321
159 150
367 229
146 380
285 124
377 287
318 463
396 345
445 55
295 105
163 415
80 490
495 309
475 6
199 432
102 222
228 280
42 204
63 291
129 500
195 20
467 492
414 71
229 213
240 412
31 269
252 51
14 424
80 411
77 135
338 251
75 313
4 89
289 14
97 144
432 136
469 473
243 232
197 177
393 49
139 299
196 345
280 432
383 495
413 145
286 62
279 407
54 217
167 80
42 304
426 39
350 271
34 272
493 424
361 352
371 349
61 135
348 313
107 119
181 3
395 337
75 216
393 237
88 113
350 345
118 454
100 364
336 243
95 352
141 365
234 264
249 452
124 66
136 493
208 334
454 304
240 158
166 85
1 142
93 493
496 136
150 161
41 323
40 308
145 247
353 217
488 84
295 31
156 373
298 420
456 51
269 37
2 343
297 303
82 235
453 370
327 280
130 447
150 377
101 349
462 376
381 435
445 213
326 391
409 234
461 46
436 69
48 156
374 91
289 236
175 254
18 84
400 275
204 41
484 360
48 253
79 81
463 491
454 225
130 259
318 290
410 177
172 484
75 456
394 438
497 105
444 88
386 213
404 474
213 155
58 279
99 407
4 470
367 462
184 371
187 414
464 234
419 7
228 338
317 440
194 157
77 176
171 400
454 489
335 406
115 361
380 124
198 375
358 318
278 299
451 347
438 388
260 267
291 14
318 62
440 91
138 333
139 71
231 253
38 458
299 165
94 170
410 245
259 314
457 91
13 255
343 171
11 131
314 390
243 431
155 234
105 422
260 293
133 431
82 270
327 305
295 476
23 124
11 331
104 447
224 115
90 54
146 129
329 410
75 497
465 492
68 310
64 299
358 344
339 52
415 71
446 195
83 392
382 196
230 237
88 384
331 166
67 25
321 145
93 286
95 149
312 454
41 120
430 205
172 362
390 259
379 27
377 53
356 91
119 31
213 157
338 155
433 132
333 352
459 329
215 126
7 377
66 486
63 371
114 37
495 345
238 488
11 409
75 354
299 115
225 324
437 135
195 367
308 367
335 495
128 359
309 44
156 153
121 60
4 379
216 401
24 412
258 214
36 248
224 362
304 462
360 150
45 337
85 384
410 480
482 487
466 218
223 393
303 157
465 39
201 487
12 342
440 32
144 427
429 190
54 35
147 444
280 370
203 376
89 8
348 312
383 494
186 346
361 240
203 388
230 451
420 162
245 401
300 241
423 389
152 395
488 196
431 272
355 463
51 76
479 390
471 251
200 227
250 5
485 365
476 469
330 283
249 478
401 278
225 193
114 309
197 276
421 142
348 364
182 223
301 50
145 182
383 445
62 268
131 476
95 258
193 135
359 369
341 137
334 166
435 38
82 205
164 100
358 272
427 332
8 388
455 36
468 273
51 433
349 122
385 376
346 473
37 407
420 137
223 491
271 115
192 367
330 216
334 446
276 163
239 119
230 454
285 481
321 448
70 256
263 143
231 249
189 379
125 128
289 421
68 483
95 380
205 150
162 222
48 300
462 47
134 495
288 61
241 225
263 144
405 363
310 389
419 360
494 225
119 266
193 206
38 60
203 345
165 295
175 65
190 18
493 430
377 288
266 375
306 234
124 143
284 216
372 402
307 190
263 144
3 245
112 215
77 217
373 451
65 286
369 10
92 93
358 256
61 462
35 53
129 39
346 267
484 361
161 457
337 353
338 240
368 231
211 426
419 57
429 67
197 491
93 165
127 254
471 227
65 160
158 449
280 7
63 289
97 411
330 57
367 368
170 468
129 94
230 35
52 19
66 149
50 122
33 36
424 9
96 211
446 398
447 314
60 256
28 395
295 410
26 474
23 438
271 16
477 302
473 221
326 129
298 258
377 61
45 393
161 418
79 121
468 418
171 231
357 305
206 422
268 192
130 419
258 268
450 396
497 380
262 4
498 331
164 260
470 48
142 66
220 54
395 8
57 86
213 10
415 2
447 179
383 181
100 397
2 30
329 405
366 430
58 320
40 325
90 155
117 200
390 498
436 174
1 245
301 64
409 351
318 459
253 436
221 145
470 425
253 308
259 13
480 329
331 318
245 66
113 176
294 83
407 398
389 265
376 410
415 154
44 427
432 222
477 240
429 396
442 8
67 62
34 280
154 489
481 196
327 31
189 354
148 226
399 287
254 130
271 208
304 35
131 125
316 47
419 219
114 157
96 83
428 363
426 202
370 276
420 190
244 158
397 96
73 391
85 431
133 213
396 34
154 340
221 496
424 294
448 333
423 250
98 455
289 96
421 43
254 488
249 4
143 208
417 137
381 229
397 50
109 425
99 179
128 400
256 314
109 490
97 45
470 11
87 280
311 38
341 255
440 338
146 490
363 255
53 157
225 152
0 486
42 178
278 313
71 54
498 295
14 378
461 275
236 82
183 357
394 20
146 97
223 197
228 62
291 106
314 112
328 15
100 193
468 439
395 179
232 26
152 475
228 474
24 205
271 47
81 449
498 50
425 338
342 232
110 345
102 219
381 178
394 343
103 23
414 409
324 219
95 54
361 468
407 242
214 310
244 165
345 232
215 339
468 287
414 157
284 367
314 377
435 140
381 471
284 400
375 213
213 488
330 391
55 353
4 254
447 121
372 56
195 228
306 185
238 80
467 116
125 20
114 222
377 18
20 353
0 491
496 112
55 476
425 460
64 253
154 126
106 439
268 65
431 107
134 232
184 8
72 476
274 201
248 260
231 336
429 232
351 418
107 157
357 352
20 346
43 224
479 208
352 176
483 172
293 325
498 334
50 111
422 306
66 229
491 155
19 277
270 218
52 362
458 292
130 61
446 383
409 286
231 49
356 216
456 74
351 444
288 18
186 237
394 322
254 291
329 119
282 101
368 458
496 100
51 121
54 316
287 338
176 287
450 487
254 420
62 367
479 68
17 214
80 261
147 324
116 265
18 351
16 217
322 262
167 174
322 296
451 254
165 447
330 120
451 206
423 464
465 42
384 317
473 215
393 7
480 316
383 395
187 3
251 120
61 117
362 67
488 436
152 15
73 195
152 477
56 70
127 306
370 299
383 433
211 52
206 322
217 125
304 355
143 107
443 384
255 228
233 24
432 171
250 200
491 293
300 91
490 105
417 55
77 172
124 99
127 383
156 303
89 264
74 40
481 338
249 306
186 5
366 432
7 488
105 39
315 106
441 195
372 301
16 401
447 157
266 172
62 471
186 212
248 434
329 262
66 457
392 62
31 470
207 104
11 498
135 156
347 61
19 208
75 177
378 477
455 321
88 273
244 270
12 161
369 127
208 341
243 120
169 394
463 61
55 295
464 382
96 396
403 206
290 438
194 407
308 406
404 273
97 65
94 413
126 27
419 479
181 55
85 369
281 213
150 243
194 234
193 163
222 29
379 19
199 341
350 51
246 467
392 117
238 466
260 458
419 196
442 465
171 59
376 360
382 392
323 307
376 29
88 454
458 168
157 377
26 376
408 333
440 37
404 499
425 378
477 440
55 113
237 100
79 21
187 84
251 234
413 271
118 138
121 484
72 169
368 103
29 31
347 404
295 47
341 291
428 209
193 451
486 220
480 481
376 67
19 168
284 216
184 390
448 263
151 386
246 52
376 402
451 189
163 110
316 130
56 198
30 289
297 21
361 113
294 103
174 154
243 161
293 413
111 7
144 165
289 148
213 25
207 262
10 114
203 195
370 298
34 102
63 154
10 323
6 233
290 348
412 270
265 184
220 186
18 469
135 413
395 234
39 130
3 475
148 316
369 240
381 161
110 216
373 120
295 175
141 469
161 5
151 432
185 335
313 499
68 288
152 319
141 117
232 179
89 488
331 89
381 172
8 449
391 424
403 497
212 153
401 295
481 226
393 42
194 351
294 54
442 32
351 48
407 302
91 123
409 31
459 200
410 464
466 130
38 173
269 93
365 0
382 340
335 475
117 126
484 110
408 27
296 409
444 414
496 42
241 103
144 364
414 211
111 123
425 106
207 235
247 236
375 461
471 455
351 174
155 347
113 145
108 123
24 252
121 155
66 111
321 160
452 15
213 224
233 30
159 202
3 431
312 57
196 498
281 338
303 232
310 155
297 117
329 382
102 22
373 38
330 108
192 160
437 8
154 231
24 333
376 442
246 447
86 482
172 273
257 0
13 28
325 474
372 405
221 76
391 191
425 108
486 29
152 497
256 101
422 82
490 21
337 272
194 72
43 447
424 385
180 349
34 458
353 207
339 262
370 47
192 240
356 181
19 285
312 392
429 127
10 32
498 102
155 65
106 478
468 289
487 346
99 29
197 243
180 254
41 225
203 70
441 275
213 107
268 39
337 39
124 22
471 281
228 55
468 488
230 266
64 326
396 301
55 311
92 427
158 120
346 406
376 490
350 98
469 141
212 200
60 128
185 471
349 357
456 454
145 174
382 361
341 421
460 337
300 288
440 346
216 457
134 111
460 301
96 72
121 326
157 448
5 365
122 182
337 159
140 40
320 316
69 291
159 276
498 273
185 180
23 314
139 310
169 152
301 76
308 466
269 2
149 17
85 255
462 293
61 360
290 327
9 258
144 161
199 408
390 234
20 480
190 355
433 299
423 354
9 116
353 173
158 240
468 233
489 63
236 90
146 274
333 142
360 486
83 403
9 122
393 264
309 298
271 54
116 331
201 51
116 174
229 340
319 374
238 279
127 266
457 322
109 294
327 353
237 30
124 358
458 466
386 183
103 436
168 92
13 329
212 309
92 233
372 284
12 125
240 9
82 245
391 205
472 104
490 299
343 295
18 76
157 56
116 87
500 249
48 239
352 470
76 352
451 465
26 142
448 180
235 234
280 390
24 433
295 25
220 70
80 137
47 468
272 457
397 471
468 106
32 34
160 38
283 446
405 378
153 363
65 373
159 150
357 272
331 139
318 387
150 387
391 489
382 76
437 153
106 54
197 9
395 153
104 260
46 118
86 15
43 174
243 300
18 6
57 265
3 122
356 59
475 229
298 65
198 28
311 419
362 414
403 49
105 291
474 135
365 213
80 229
486 86
1 84
492 436
181 479
300 288
248 475
18 125
310 255
46 44
53 470
434 365
364 37
360 396
164 170
226 57
373 214
326 217
318 89
376 248
412 345
97 397
191 399
433 112
311 14
348 242
263 310
426 187
311 316
252 355
171 373
46 370
366 449
478 319
483 67
464 123
446 5
452 388
35 439
28 467
254 77
340 407
488 248
83 74
263 1
19 86
344 111
46 374
317 281
83 323
300 58
138 313
463 170
288 69
18 300
165 390
332 9
40 431
29 413
201 218
150 462
417 463
59 26
56 331
202 443
176 332
146 265
172 465
145 427
180 32
459 194
17 224
185 398
385 3
60 178
287 301
102 26
165 114
478 128
68 144
158 134
301 78
356 128
196 198
469 371
290 258
220 450
473 478
365 277
231 482
0 478
360 309
329 262
489 137
53 41
446 205
129 194
272 169
223 468
106 80
307 389
41 90
322 48
461 306
357 307
83 478
215 30
4 295
124 100
161 178
238 209
438 222
125 80
428 148
400 287
357 344
306 483
380 295
330 226
283 81
340 264
258 273
468 106
110 311
28 390
10 424
378 384
418 389
423 63
299 173
194 74
235 78
222 217
115 42
420 492
415 41
383 23
457 276
176 327
338 55
462 395
403 192
494 341
17 329
268 255
135 450
408 261
159 58
500 80
447 309
374 310
386 494
369 181
19 170
364 249
407 25
38 460
31 439
285 197
18 238
233 18
329 101
368 243
158 231
120 228
126 190
333 132
273 58
127 481
359 190
238 95
216 49
397 118
122 40
311 295
108 159
280 233
482 403
483 172
38 420
446 84
442 65
451 448
287 260
74 446
54 7
197 178
40 487
486 274
18 199
299 115
358 221
247 406
55 235
275 0
296 139
356 418
152 463
439 167
370 310
292 96
38 57
464 250
256 53
395 96
189 184
327 464
313 186
292 295
38 375
10 222
18 25
202 267
239 335
427 267
270 356
402 33
364 102
122 459
160 304
205 454
289 40
253 94
101 221
394 210
143 458
387 455
407 219
274 93
27 141
161 195
441 342
123 97
89 476
257 371
171 444
298 195
490 356
401 148
417 468
14 158
80 327
130 419
80 439
18 70
230 294
83 487
79 201
133 458
298 236
209 148
50 374
500 153
439 420
491 263
199 408
55 316
122 73
418 165
471 121
177 82
25 484
93 211
31 138
426 295
477 376
117 209
168 363
396 417
365 1
266 462
144 32
331 365
189 345
473 433
237 429
295 85
91 362
435 290
411 79
418 100
400 315
224 55
387 388
339 417
190 69
338 111
335 440
59 243
435 299
434 156
358 90
422 213
313 200
360 148
192 324
219 4
175 88
130 460
424 432
392 355
14 493
396 96
148 406
11 272
436 80
88 372
161 112
107 437
123 334
189 276
239 464
262 83
27 188
319 109
429 251
235 394
229 21
393 178
183 37
464 242
82 421
89 194
161 79
308 166
482 287
455 190
201 409
141 261
320 255
374 304
219 329
253 141
266 245
482 1
121 299
98 410
304 389
176 243
187 418
332 65
488 39
446 55
77 90
113 143
105 143
265 244
108 59
161 353
192 158
32 104
61 200
382 173
496 368
238 41
325 99
112 91
365 255
382 24
461 94
116 132
343 485
136 184
259 241
277 387
120 472
451 207
455 155
425 460
249 163
135 136
329 5
36 81
107 158
190 473
493 296
318 205
463 159
367 97
123 249
237 329
32 266
209 127
252 446
475 224
325 441
116 227
233 183
480 205
184 5
429 408
394 219
167 63
366 324
30 65
367 142
389 185
99 416
102 164
348 389
439 3
14 120
29 64
22 403
264 4
375 45
78 251
450 336
495 64
302 188
397 17
296 356
344 309
339 269
126 220
271 5
41 247
409 361
154 59
314 353
164 211
10 191
152 19
196 114
192 417
25 254
80 291
365 177
339 26
244 210
182 400
395 377
374 246
323 308
219 432
308 52
426 341
378 270
391 23
289 225
299 75
479 28
25 367
37 367
233 145
95 282
203 303
153 87
463 434
112 171
393 180
370 390
488 230
73 69
421 90
410 391
44 487
106 469
318 301
380 262
486 493
359 325
462 50
225 362
77 28
240 246
174 275
159 290
96 126
135 176
98 0
209 391
207 143
263 289
187 143
385 237
493 28
384 353
112 470
52 178
80 397
293 492
103 85
393 0
340 282
470 164
69 457
166 384
13 429
237 163
377 355
79 305
401 192
98 297
317 385
301 98
494 488
494 143
184 97
239 220
348 357
422 500
49 347
54 52
56 381
109 162
232 213
241 253
148 101
190 270
254 50
21 349
34 149
428 263
46 229
350 341
48 377
349 253
223 273
454 173
410 426
392 342
485 214
388 17
441 416
377 312
156 8
54 497
342 272
407 8
446 105
214 287
196 58
500 102
74 252
456 179
424 108
172 138
313 497
271 383
94 345
14 498
430 372
271 303
266 489
396 11
340 260
485 34
158 392
489 67
101 41
383 280
41 88
92 195
154 137
490 141
372 270
415 91
463 69
328 324
157 429
149 139
226 403
414 328
124 207
378 297
363 369
33 84
83 380
290 472
376 127
406 17
95 277
156 392
243 219
314 170
492 142
200 16
101 251
436 66
84 192
133 122
98 377
341 406
337 156
382 495
251 356
350 337
117 433
486 348
327 428
309 389
74 357
478 62
68 55
335 368
278 301
287 334
297 132
15 203
366 356
78 343
341 179
475 259
452 118
309 158
337 218
407 213
376 470
317 414
324 197
499 204
345 443
256 361
215 11
188 487
18 90
147 468
116 291
73 360
238 390
380 7
471 140
478 59
224 13
420 210
117 115
487 394
111 350
436 312
381 311
345 490
374 245
437 403
366 39
284 119
216 48
136 303
424 101
171 63
282 84
88 386
418 294
77 9
380 141
16 462
296 389
446 289
409 490
352 268
266 221
422 265
77 351
226 425
379 285
216 242
52 423
9 415
459 308
175 269
255 209
72 303
99 237
140 448
26 390
419 434
299 220
308 201
198 449
402 410
210 153
26 74
381 158
108 193
284 378
277 121
140 174
478 423
258 30
152 197
44 385
403 370
496 313
179 102
389 151
297 45
474 223
115 141
64 96
57 403
380 245
28 497
34 466
204 210
202 273
57 458
452 405
258 5
193 441
98 464
419 495
105 445
74 432
21 465
418 12
293 60
149 402
16 25
331 213
227 190
79 209
271 300
478 381
42 406
214 58
279 338
69 188
345 314
230 466
303 358
53 185
26 356
469 379
397 415
493 243
193 305
367 186
296 245
68 145
238 195
439 190
373 288
80 305
462 217
178 364
391 337
197 269
401 466
58 325
208 439
194 323
178 454
170 295
441 195
470 46
143 95
325 148
293 345
171 367
203 265
115 168
349 384
377 285
134 370
421 11
162 316
256 58
168 92
367 167
419 442
349 105
148 345
441 234
298 396
266 361
35 271
112 381
265 377
475 104
15 440
145 490
148 135
392 71
280 68
279 357
280 478
456 396
418 263
51 489
431 315
478 187
306 446
471 318
202 143
49 56
76 61
330 73
116 33
122 381
231 422
152 487
362 62
307 361
240 194
203 28
339 259
36 406
478 223
422 240
149 41
349 373
339 468
377 142
184 339
448 123
108 482
5 492
463 188
181 408
34 417
121 372
168 94
493 320
340 354
395 396
174 429
251 309
320 300
242 201
288 308
108 70
183 286
243 459
322 162
462 44
348 1
335 401
152 44
128 405
343 155
50 269
307 80
212 452
146 205
228 488
385 238
388 62
210 122
470 129
387 418
254 19
91 453
188 420
178 359
274 275
207 112
287 92
333 477
313 200
365 140
257 213
151 261
411 96
154 476
200 119
191 153
208 250
418 218
15 61
299 201
251 401
246 301
59 64
61 178
213 247
214 304
304 398
328 74
137 218
251 394
213 9
1 153
190 287
18 81
443 127
64 237
496 243
327 250
289 235
337 425
351 225
221 375
39 480
349 315
219 247
463 118
8 178
374 307
389 310
24 369
50 268
414 74
342 451
477 497
339 145
206 332
405 350
305 199
348 176
137 252
174 405
207 197
114 89
437 9
70 363
421 426
222 464
302 290
55 356
108 454
127 212
189 196
431 148
38 384
191 97
452 87
256 257
90 260
484 460
308 347
384 220
171 76
54 9
418 76
485 231
472 281
202 320
12 300
326 478
369 345
249 36
253 0
281 37
354 51
17 248
112 182
127 82
115 243
461 339
173 225
402 182
450 347
438 478
244 4
472 63
118 82
194 488
454 211
78 263
173 25
307 284
4 33
168 237
144 150
495 23
101 369
365 52
255 60
77 75
1 23
240 219
158 46
154 489
227 235
403 494
94 191
376 103
205 291
107 306
249 124
437 466
402 424
447 445
107 37
401 346
149 429
324 268
472 380
281 325
417 457
107 491
495 88
341 463
389 476
30 482
435 372
124 344
222 119
233 364
476 272
174 251
242 89
463 81
250 386
256 227
345 309
202 371
43 330
280 460
113 79
34 344
414 470
339 172
373 377
177 485
77 223
361 440
193 481
367 351
159 101
485 313
416 117
210 278
294 170
428 326
258 104
453 185
458 363
273 417
124 177
112 66
203 307
432 457
4 266
42 112
213 500
212 84
208 148
230 143
387 475
220 254
498 291
200 107
357 79
194 105
34 484
412 206
74 35
80 373
333 366
52 496
5 79
0 33
397 328
133 139
378 55
213 197
353 380
260 396
442 29
263 124
129 461
150 62
310 153
380 285
214 320
111 284
452 37
156 300
281 157
20 293
195 464
324 498
479 205
102 6
217 393
402 492
15 284
208 342
250 387
165 335
232 33
473 484
248 242
480 127
55 190
248 249
202 179
215 254
401 184
323 375
125 57
488 63
3 460
446 36
62 239
95 4
86 457
28 461
182 339
129 350
121 385
7 118
229 215
426 67
193 455
218 114
269 240
353 164
42 131
443 374
303 8
460 434
258 104
260 179
409 324
163 176
332 15
274 106
433 47
30 352
163 204
493 427
160 349
299 349
63 364
22 0
351 296
429 301
129 408
231 248
291 108
190 128
316 60
17 145
421 481
388 5
223 233
265 249
89 46
467 77
417 188
92 214
487 364
14 193
303 401
155 48
498 143
386 417
435 315
62 127
330 374
472 290
392 443
424 256
345 104
455 22
160 289
435 93
347 210
181 397
74 221
46 108
287 29
92 21
102 451
64 134
323 227
223 214
398 74
80 484
269 204
424 274
7 392
126 278
197 411
283 389
438 466
315 495
122 279
397 109
498 306
470 449
462 219
442 424
201 269
431 340
279 340
129 87
379 396
200 69
39 497
408 56
453 75
481 307
406 308
224 163
22 296
166 27
89 430
405 351
247 324
264 424
267 469
369 343
458 308
276 422
301 315
19 103
353 22
10 391
190 491
89 236
331 288
380 176
81 294
206 255
51 291
27 129
419 391
73 416
378 39
33 283
194 215
419 358
8 302
484 423
346 440
59 431
356 418
406 495
487 158
57 124
366 353
18 325
201 410
30 220
194 407
414 420
449 78
360 434
217 116
296 471
30 172
160 73
396 14
279 126
40 199
474 116
213 202
101 343
254 167
475 439
146 106
296 314
233 52
443 197
97 13
208 369
385 19
190 427
100 436
130 341
478 245
255 414
340 455
330 151
101 314
100 421
187 363
16 459
325 3
26 368
89 217
120 423
212 237
477 296
209 471
13 163
51 105
3 335
50 331
234 329
436 437
323 157
377 69
432 48
487 456
242 299
57 158
245 281
453 97
208 415
63 427
497 444
310 33
133 376
168 208
272 156
36 32
343 181
269 375
38 322
302 221
124 305
317 128
85 344
421 106
243 190
328 172
47 113
483 129
214 8
436 464
242 332
468 275
408 456
358 401
210 334
141 146
429 246
60 479
291 445
69 201
144 358
33 270
319 10
115 438
172 215
292 484
56 65
322 235
202 296
418 151
221 272
241 101
22 285
20 355
485 49
357 200
159 281
196 42
340 222
136 27
264 10
86 238
134 413
185 82
133 208
150 473
67 207
227 263
401 239
296 429
486 267
289 357
79 477
455 452
6 218
463 405
273 472
464 222
172 241
392 443
302 373
464 236
364 474
262 122
204 365
299 176
472 476
403 43
334 123
137 177
298 68
201 500
57 104
477 451
335 77
51 476
235 361
400 51
500 72
141 378
280 92
205 330
13 271
217 167
277 256
411 159
142 440
255 76
237 273
21 33
44 218
224 156
300 82
456 40
50 126
39 108
202 312
80 302
116 243
399 172
5 252
278 46
29 477
438 319
31 81
154 276
332 252
494 284
228 165
492 109
47 167
338 331
234 72
36 487
199 464
167 92
5 2
24 56
490 383
52 409
411 344
247 179
494 37
461 238
186 263
447 52
224 133
326 383
241 89
185 223
61 244
10 449
474 184
60 193
373 437
164 204
42 3
181 414
444 13
373 257
195 99
385 246
91 480
24 302
361 280
152 92
255 142
336 395
317 164
266 490
486 5
430 251
336 89
414 62
370 88
39 373
177 137
488 83
160 368
395 89
260 216
362 172
192 201
486 389
88 417
204 139
450 373
244 475
298 43
187 7
12 282
95 468
320 474
347 398
410 407
378 490
328 101
339 28
1 292
479 210
401 10
312 416
323 469
258 478
257 220
95 138
179 202
152 73
326 281
114 199
281 410
452 481
135 115
367 244
492 293
420 39
313 497
482 375
167 158
67 488
332 342
488 96
4 169
369 108
398 395
369 157
260 157
74 31
91 446
286 328
385 317
339 492
455 219
327 57
362 20
218 26
83 382
21 463
411 98
477 7
131 414
269 156
291 187
290 88
208 315
483 110
257 385
245 363
118 376
2 232
495 342
302 131
111 180
420 90
421 169
201 336
10 182
416 395
257 92
123 297
93 261
84 300
445 310
348 474
479 155
210 486
327 292
69 408
349 231
383 224
217 40
5 476
287 153
307 350
39 444
17 295
278 43
218 268
389 169
431 487
433 236
178 294
421 179
102 254
65 138
488 226
230 347
426 391
262 443
68 223
73 102
492 45
389 42
99 491
6 178
434 132
475 302
491 394
91 425
88 41
424 319
79 290
330 433
425 208
285 115
257 386
387 483
366 21
213 435
345 209
452 38
319 5
240 322
487 357
377 349
239 243
454 186
318 364
454 244
303 79
102 145
474 488
367 326
258 121
258 265
89 457
45 217
107 391
269 91
422 434
90 460
291 124
258 174
410 314
149 42
133 199
207 42
414 297
205 73
291 124
12 44
7 296
17 208
373 472
123 157
369 253
273 98
422 415
190 410
334 3
160 478
21 331
387 405
387 234
403 86
43 283
261 407
132 127
433 102
284 207
208 69
282 283
5 381
423 62
101 159
115 460
271 148
459 36
466 277
105 499
293 127
307 139
309 26
241 270
2 488
68 363
157 155
405 182
206 26
345 374
328 410
395 128
200 336
111 336
6 351
71 458
449 256
325 2
218 483
107 335
327 366
259 48
259 287
445 393
151 118
449 98
63 409
174 268
102 283
287 203
174 97
247 262
431 108
101 79
281 316
137 456
324 12
76 49
475 50
28 94
397 137
62 11
388 394
232 50
354 22
232 55
384 309
125 106
286 35
82 425
189 390
395 196
407 341
114 434
100 264
82 485
430 481
433 157
312 66
113 255
110 462
498 277
388 13
460 337
342 358
441 122
254 54
102 448
91 228
396 164
108 332
98 479
208 137
218 131
307 268
306 290
107 436
139 178
472 91
422 361
404 184
249 230
153 247
418 49
267 167
411 8
6 211
426 403
213 175
52 99
383 15
438 238
321 451
111 326
173 235
3 249
451 496
200 391
314 482
188 85
115 94
44 390
482 132
411 393
211 9
459 369
235 226
324 83
229 295
31 15
261 350
22 238
127 290
135 42
36 2
62 405
134 1
60 426
421 76
114 130
467 264
377 114
145 367
422 42
332 259
199 131
191 283
376 268
234 156
186 8
164 132
386 86
350 352
228 175
53 301
346 1
68 105
224 416
74 84
102 391
399 264
134 136
80 383
106 49
85 25
220 350
207 110
239 121
381 325
472 124
155 207
449 275
317 171
394 271
234 110
149 294
44 28
486 295
201 74
307 270
462 14
210 438
202 413
21 124
34 227
427 332
107 129
61 157
282 393
239 260
340 132
428 22
477 2
274 139
313 60
386 447
177 336
355 146
373 214
48 350
257 69
47 138
464 183
280 462
488 72
11 26
166 146
96 311
126 323
87 341
413 415
257 470
377 352
4 191
46 314
90 135
154 256
15 453
433 197
10 14
16 119
188 430
310 275
292 461
460 208
472 146
4 62
427 271
230 489
421 284
339 31
323 5
129 393
253 338
363 378
15 307
108 452
149 450
447 5
266 346
497 110
446 149
303 123
276 468
27 383
66 181
345 97
479 305
338 336
296 267
33 190
357 438
104 121
129 27
257 150
442 96
384 390
406 460
472 231
463 279
39 47
252 471
10 311
433 483
481 141
9 229
471 77
412 70
254 166
300 195
58 113
131 270
444 248
60 454
0 210
460 229
494 30
59 12
492 276
318 48
469 217
457 278
476 54
319 204
62 148
127 404
300 272
185 471
268 43
192 9
76 293
277 258
206 18
252 263
276 246
451 208
325 402
423 211
161 140
46 180
457 360
41 344
50 256
360 37
471 178
61 253
477 166
316 457
339 385
353 66
266 79
384 272
282 379
131 278
235 113
464 494
493 264
94 146
175 292
475 271
86 300
11 268
487 343
28 18
3 221
230 354
102 350
382 120
104 256
104 450
234 114
157 457
143 386
435 92
241 121
354 2
184 14
321 499
285 424
65 316
495 76
9 360
63 164
134 152
380 244
186 29
273 190
202 382
82 152
110 399
195 35
4 349
264 328
268 469
439 122
422 158
339 165
429 312
484 446
307 361
270 125
325 483
172 329
439 385
118 149
95 106
161 142
179 128
338 336
379 31
63 206
239 150
431 323
121 160
286 453
371 130
396 334
391 484
339 289
98 217
302 393
229 262
304 481
237 0
276 104
85 271
348 490
441 44
49 40
383 426
221 123
131 189
107 26
181 222
149 484
427 279
117 480
357 203
499 148
270 206
341 1
287 75
417 229
387 486
464 352
201 422
1 370
112 399
293 380
358 90
111 424
4 384
452 358
96 131
117 88
254 431
453 300
310 103
406 413
421 455
424 66
137 82
245 322
436 421
468 64
222 60
80 455
45 406
47 215
389 494
350 401
321 354
371 478
74 305
0 119
343 252
172 116
368 409
202 174
426 333
258 452
214 318
141 378
7 105
371 339
38 61
296 279
471 282
246 437
211 433
170 197
148 473
265 280
150 333
312 11
312 392
406 9
261 477
414 399
198 359
46 92
406 227
143 219
356 196
464 290
91 87
419 336
63 394
497 135
7 97
139 418
311 462
13 125
364 491
305 285
78 474
358 341
224 112
226 431
131 392
209 304
299 342
40 320
153 391
189 470
435 291
192 354
191 192
37 113
101 142
226 86
169 350
45 481
100 240
377 99
122 4
129 70
484 247
399 106
241 132
269 409
236 435
115 30
45 196
21 418
252 143
25 494
197 466
170 47
18 218
55 52
158 74
422 417
369 188
154 94
384 118
336 159
408 228
253 38
422 420
462 198
392 110
287 176
49 39
63 100
424 72
370 204
276 412
443 69
153 65
404 175
487 262
140 436
75 74
233 178
366 43
299 142
308 97
154 265
61 328
439 131
370 63
459 384
83 174
149 423
464 147
10 17
133 449
180 279
126 147
121 273
474 89
9 59
205 115
374 383
225 451
344 233
174 173
138 398
231 135
224 483
277 97
455 9
85 400
493 335
134 247
84 172
23 144
134 19
42 375
390 296
427 126
322 477
186 219
293 338
333 383
398 92
11 474
5 355
419 71
10 492
17 28
11 150
398 220
315 266
279 424
95 330
79 238
24 448
100 428
54 45
431 143
112 246
173 422
454 440
228 195
171 223
289 308
420 221
438 291
191 118
326 194
201 340
312 230
253 117
214 302
326 431
295 162
52 124
25 166
202 103
301 5
136 494
79 29
395 411
90 220
182 161
42 485
137 453
166 244
1 446
311 48
24 462
194 193
59 102
284 343
32 113
97 13
183 84
14 331
136 210
386 254
388 96
452 85
394 52
364 148
358 224
437 419
381 319
403 279
319 494
368 216
254 332
307 340
471 58
48 443
289 112
0 284
499 58
105 231
321 3
194 189
477 357
330 422
138 39
380 311
210 316
425 15
78 93
437 62
60 433
449 110
96 31
275 273
22 74
316 11
1 477
281 97
223 204
327 427
411 230
278 198
479 152
193 419
25 66
195 158
107 429
374 310
68 63
496 244
376 185
164 209
89 81
