7500
183 166
277 15
9 10
287 220
425 169
345 110
161 141
206 493
352 371
417 131
51 8
145 63
127 277
221 389
329 114
25 230
203 377
82 175
24 455
227 138
495 167
141 163
70 435
269 83
476 361
321 285
313 168
452 218
1 267
299 469
261 406
471 450
476 347
56 110
480 500
83 34
198 216
466 162
234 385
57 470
320 383
63 255
475 290
442 145
355 271
440 474
43 63
216 47
480 484
116 8
441 420
241 275
19 357
65 69
138 471
143 374
336 125
124 435
465 165
461 330
499 430
163 229
55 177
273 141
66 356
211 28
17 295
416 467
280 39
395 204
142 402
6 438
32 67
120 248
375 443
219 209
132 166
458 100
55 166
291 43
187 291
479 154
429 35
103 151
320 148
44 33
169 494
382 378
224 304
328 281
161 496
301 165
210 415
255 235
118 365
332 87
219 94
301 15
410 324
278 113
274 80
488 252
213 200
482 359
412 187
322 102
418 119
267 214
37 140
1 122
496 107
261 31
216 57
443 234
14 303
16 331
141 17
112 498
88 62
208 199
471 397
298 474
50 380
328 182
150 182
324 319
0 152
266 156
471 500
191 423
431 351
184 331
340 337
439 266
330 137
171 267
119 147
379 483
407 73
213 316
299 227
291 275
378 403
243 111
475 367
171 340
132 227
68 351
446 260
135 348
41 152
175 385
221 446
29 169
355 149
487 282
12 318
92 179
167 95
1 177
410 80
143 100
281 469
140 173
428 340
112 211
262 328
169 262
73 321
485 333
396 119
463 55
414 60
179 79
164 84
261 45
271 437
371 296
3 486
181 65
35 255
335 225
409 7
175 155
399 116
445 364
314 367
245 358
390 362
392 445
331 37
184 259
329 175
136 162
67 267
238 478
18 47
302 149
126 500
149 279
298 331
183 273
25 256
158 132
126 231
170 335
94 114
400 458
91 376
334 12
481 235
386 245
106 475
19 207
50 464
312 458
104 404
470 366
296 61
347 379
249 95
483 433
363 66
304 58
228 444
225 256
304 205
389 412
255 232
17 267
155 172
22 152
155 178
296 42
83 425
487 364
218 334
31 465
488 333
428 425
5 99
206 386
242 206
255 73
169 241
403 203
199 215
410 129
95 61
167 321
98 60
142 29
456 417
490 156
44 442
283 3
39 192
378 175
440 12
24 228
226 483
176 323
393 102
260 372
159 100
119 11
44 409
163 373
332 111
439 143
332 315
366 363
343 232
185 299
173 139
409 370
186 213
34 396
369 263
417 319
258 46
0 463
323 294
345 178
422 444
46 204
241 114
317 32
280 169
436 195
314 400
287 244
39 216
68 201
339 465
341 331
114 205
466 36
402 1
257 284
58 292
431 367
18 193
67 485
366 215
383 138
119 500
115 88
155 330
424 181
254 488
95 322
106 65
487 17
19 245
223 263
477 415
16 408
147 253
106 433
86 327
212 487
324 483
344 316
73 447
169 442
59 136
154 220
402 276
318 81
309 133
305 143
399 232
75 386
411 239
301 165
159 55
145 353
96 414
373 284
448 15
26 108
91 276
419 149
136 157
52 41
348 381
437 440
160 128
142 50
80 307
299 309
260 311
401 158
446 253
419 5
491 294
168 217
359 390
397 316
5 400
106 364
53 328
86 106
361 132
238 241
53 260
398 262
491 77
299 72
210 254
123 321
302 194
286 154
339 299
344 63
237 24
62 77
260 142
126 54
14 85
263 330
444 122
108 245
146 284
496 288
310 175
26 494
386 3
347 267
164 333
421 476
207 272
116 471
120 312
339 397
435 178
328 466
8 139
62 220
165 227
498 122
38 415
438 415
433 423
289 158
157 325
246 495
105 355
347 87
441 83
415 167
46 446
195 491
313 256
409 45
336 306
427 411
107 425
447 203
249 494
496 249
85 278
331 419
406 483
13 234
473 293
210 157
22 171
431 423
434 416
449 148
199 104
8 472
354 215
476 220
348 469
79 402
309 443
435 484
12 243
282 212
326 420
306 48
203 436
47 128
234 455
451 82
399 173
76 336
315 37
152 233
129 50
339 209
348 206
289 246
376 167
349 275
86 300
213 175
439 366
213 340
341 220
303 495
257 377
397 111
325 299
160 313
271 240
80 165
61 111
483 347
477 250
295 196
464 414
368 291
439 209
324 53
159 114
30 63
149 64
472 329
64 477
120 289
384 300
310 210
458 222
107 391
349 274
279 286
61 38
417 264
141 55
451 52
130 240
297 442
390 16
90 259
187 436
59 8
219 384
57 105
105 303
251 351
466 472
289 426
155 395
35 167
272 82
411 191
123 171
173 272
32 364
43 273
442 148
193 119
106 299
382 253
259 405
195 364
191 167
137 179
396 273
212 227
7 284
405 484
116 5
68 154
423 471
326 207
468 25
132 245
305 35
285 87
110 457
143 406
290 88
210 24
212 253
291 258
356 234
45 224
157 331
254 365
479 225
131 221
55 263
203 4
124 248
104 397
63 203
431 271
66 485
265 237
438 298
317 111
106 82
101 322
480 181
57 341
278 404
257 205
204 330
66 203
20 235
105 389
468 72
463 21
395 356
295 439
44 385
465 89
301 265
467 221
344 140
28 158
197 475
5 450
38 143
105 173
295 317
449 362
229 446
256 395
321 455
324 6
351 337
241 115
12 256
208 486
336 268
326 405
92 490
28 2
132 209
19 500
257 420
54 453
497 324
459 185
0 81
121 192
138 208
180 184
135 184
25 285
449 318
362 452
154 467
149 16
339 381
424 237
95 469
76 454
388 259
459 69
485 339
389 37
272 233
106 236
118 390
448 403
70 159
52 244
305 31
187 319
60 203
460 66
465 263
408 180
353 237
117 1
134 189
166 385
45 24
22 478
8 297
469 261
51 318
486 203
94 349
84 386
38 422
83 18
387 392
463 375
377 285
128 276
142 25
384 460
147 364
9 486
477 322
363 63
76 234
275 33
223 162
211 329
447 304
201 169
425 3
5 41
195 417
236 294
14 370
82 314
89 109
466 416
230 459
202 214
469 165
416 207
107 72
249 400
133 211
351 499
149 435
118 61
294 383
485 84
274 223
99 251
261 8
148 367
358 59
358 298
213 72
428 137
76 338
54 241
214 414
38 475
468 475
317 185
494 478
257 264
217 356
421 317
469 37
349 387
144 213
301 399
27 300
101 424
3 61
25 256
209 428
186 349
301 183
2 13
456 316
295 400
268 158
80 243
28 414
245 138
374 349
280 349
177 320
152 119
275 120
304 379
301 427
349 248
495 256
104 102
251 312
62 213
318 196
284 91
392 441
361 433
314 415
279 155
481 234
186 248
108 224
333 413
340 17
408 279
427 176
3 399
351 11
115 386
93 419
36 37
484 315
358 104
413 269
433 353
139 99
196 497
437 178
370 278
439 165
66 303
458 319
433 267
492 144
64 104
132 370
394 383
456 56
97 270
185 286
98 296
220 244
73 409
318 62
460 11
460 432
308 235
226 408
312 7
160 390
172 106
72 151
34 483
96 267
487 186
311 393
482 56
8 48
367 212
171 419
149 235
222 401
195 144
267 201
311 353
431 447
474 111
150 241
205 187
269 444
366 199
307 243
242 28
444 102
489 465
362 131
127 103
204 291
4 280
457 331
287 434
398 348
446 437
63 294
402 142
315 456
205 265
370 165
7 239
470 458
166 15
481 337
22 199
251 23
116 134
350 192
397 150
218 475
192 28
32 144
149 410
420 244
448 86
474 458
59 112
117 107
225 372
313 58
304 476
483 244
1 87
385 475
103 405
132 186
340 403
294 156
291 310
7 281
347 105
272 263
10 248
457 313
400 426
103 160
261 11
3 96
381 433
381 35
258 201
36 88
43 4
442 289
425 481
430 396
67 458
64 381
314 69
376 361
255 406
9 336
199 439
437 491
434 476
27 411
86 54
455 95
497 145
317 341
496 185
36 175
140 227
87 388
246 192
471 483
351 44
176 489
57 316
416 212
75 312
480 477
466 141
58 286
7 389
182 329
375 10
81 277
134 131
427 306
99 358
454 310
230 460
336 81
142 129
239 110
202 115
467 426
488 103
64 152
138 487
417 465
60 88
31 251
338 49
66 192
399 319
432 160
247 207
208 64
207 217
228 290
324 266
331 317
497 341
249 0
166 407
11 17
489 31
336 65
23 444
437 240
250 49
175 30
119 478
34 385
472 243
451 470
443 122
91 105
204 462
68 111
389 468
223 68
159 340
270 50
392 397
297 372
105 143
350 438
183 149
23 240
361 99
394 290
312 318
323 442
128 500
299 134
413 65
314 448
256 73
218 297
500 145
262 322
13 230
141 358
461 389
203 250
198 142
447 42
110 373
189 324
252 167
311 86
255 129
48 420
183 336
497 165
281 337
486 470
253 337
336 61
49 141
417 195
159 57
331 385
56 230
199 183
69 73
166 99
94 255
350 455
451 224
254 215
37 446
90 226
488 267
337 303
291 175
392 248
472 203
489 285
409 146
94 498
392 9
273 238
253 340
413 244
30 116
495 369
307 386
427 65
187 50
447 475
21 414
279 474
350 56
141 142
2 240
359 404
322 422
184 384
166 232
221 263
418 499
118 373
496 307
15 399
2 37
351 367
315 278
204 379
275 71
99 497
191 195
148 444
25 468
20 114
24 305
490 192
252 499
258 198
437 177
215 203
360 449
459 292
465 444
262 300
69 386
397 131
277 310
87 41
218 435
276 485
79 93
367 479
154 472
150 35
104 402
355 398
215 255
376 465
435 425
69 326
320 182
251 98
383 227
168 437
12 415
180 429
65 190
466 479
123 469
214 412
112 407
184 291
130 373
232 251
405 197
242 307
171 207
316 395
192 449
222 284
159 308
130 86
380 27
468 391
440 369
392 60
450 189
138 301
256 435
368 43
120 480
78 90
104 52
308 266
359 79
201 494
469 291
54 393
116 235
333 406
8 125
223 158
111 181
442 309
242 456
497 363
371 65
34 236
90 25
412 29
145 278
144 340
106 73
364 197
104 27
293 137
50 87
359 346
235 338
80 361
158 231
470 342
35 157
251 87
493 97
67 40
14 168
148 88
297 385
96 28
442 90
129 292
211 163
409 43
324 29
189 104
90 118
36 74
407 348
346 212
360 266
202 306
190 270
101 453
359 38
381 123
445 187
469 252
469 11
421 251
252 61
433 111
365 124
211 116
280 139
353 303
68 365
293 393
13 144
406 200
86 441
366 26
281 500
252 27
385 439
101 385
225 114
37 190
407 316
189 279
199 336
174 76
89 106
355 326
252 100
347 138
216 226
141 355
408 320
215 310
82 252
43 432
446 139
119 30
80 11
384 309
497 183
108 277
386 400
301 405
275 480
28 417
182 152
252 48
289 476
485 480
1 224
314 219
99 362
63 58
171 419
82 197
446 430
435 19
416 384
239 320
171 479
173 219
366 363
395 300
346 309
223 245
298 249
374 96
401 473
424 435
69 23
492 419
408 398
171 250
495 423
378 257
471 140
7 23
118 286
191 436
403 358
254 422
331 140
291 129
482 457
446 412
246 124
460 184
461 249
455 325
120 127
23 109
358 259
20 213
307 361
485 268
176 293
176 146
116 38
278 41
47 83
467 487
435 187
108 213
287 0
360 477
329 285
162 392
494 499
131 337
330 40
98 461
225 362
38 352
260 369
44 479
98 169
290 140
469 268
150 406
401 131
393 42
199 291
249 357
384 243
152 5
199 333
386 245
21 39
223 143
149 461
219 396
81 367
280 192
424 191
491 308
481 451
192 271
476 415
108 41
117 56
209 401
279 356
279 447
262 206
151 256
245 310
102 399
341 200
9 331
276 347
35 225
486 218
238 336
437 237
484 187
201 208
115 200
381 476
247 396
95 487
415 162
418 398
334 34
26 224
452 263
241 333
467 31
44 465
168 360
260 455
402 395
52 408
190 446
188 240
20 138
36 16
166 105
458 289
288 96
496 75
218 114
461 331
300 149
242 207
389 32
307 227
98 123
433 483
17 225
336 465
273 123
466 352
327 1
234 216
182 174
146 168
183 499
175 386
154 377
421 371
120 14
286 475
18 21
350 87
426 126
362 103
382 48
58 155
68 5
59 397
245 191
46 253
298 181
252 24
167 426
67 164
362 245
91 129
59 499
260 407
489 91
21 467
265 365
287 144
371 324
436 312
125 212
444 310
30 217
301 185
2 164
77 225
138 157
401 17
27 448
46 102
217 165
462 254
443 113
72 54
371 342
470 427
406 13
431 276
105 454
1 224
455 372
456 274
432 163
93 150
205 270
144 304
101 498
162 276
73 213
193 202
338 292
86 239
109 94
42 305
237 95
398 130
41 91
42 284
316 467
407 105
55 85
277 241
380 37
216 307
439 229
267 337
415 459
271 473
270 19
302 389
372 168
19 326
176 248
428 143
250 308
398 388
393 33
465 334
371 203
414 361
436 372
53 21
365 18
216 446
340 388
438 127
410 62
409 153
39 254
62 314
487 161
80 194
382 109
447 312
42 175
454 387
295 397
230 44
34 265
110 459
54 226
262 199
310 143
412 361
231 473
116 228
374 35
384 229
476 305
241 441
173 273
442 407
261 97
298 225
398 245
250 279
37 252
405 176
163 202
152 90
428 491
20 61
263 422
237 119
394 376
366 118
309 385
457 409
78 363
66 460
283 19
303 48
168 361
25 415
57 366
457 262
196 146
156 35
312 121
193 85
279 378
26 72
442 432
315 350
409 418
20 370
116 373
208 107
299 498
434 449
314 388
434 384
166 53
74 421
302 320
190 278
21 184
361 148
368 151
107 126
234 186
158 208
422 8
368 201
176 448
38 89
333 252
174 132
68 470
487 225
162 426
481 188
484 346
457 315
468 472
94 79
452 265
210 400
358 33
444 230
267 413
194 415
100 167
200 39
182 432
486 32
257 14
261 33
413 485
16 130
473 179
175 65
252 376
302 115
173 355
28 0
346 199
280 105
292 10
174 493
473 265
427 1
233 391
198 215
436 40
133 494
406 140
2 430
266 190
296 329
376 328
132 26
301 36
177 149
51 25
448 239
205 141
431 417
413 304
201 459
67 489
422 490
465 190
270 421
282 0
444 471
296 211
298 315
219 225
161 321
159 150
367 229
146 380
285 124
377 287
318 463
396 345
445 55
295 105
163 415
80 490
495 309
475 6
199 432
102 222
228 280
42 204
63 291
129 500
195 20
467 492
414 71
229 213
240 412
31 269
252 51
14 424
80 411
77 135
338 251
75 313
4 89
289 14
97 144
432 136
469 473
243 232
197 177
393 49
139 299
196 345
280 432
383 495
413 145
286 62
279 407
54 217
167 80
42 304
426 39
350 271
34 272
493 424
361 352
371 349
61 135
348 313
107 119
181 3
395 337
75 216
393 237
88 113
350 345
118 454
100 364
336 243
95 352
141 365
234 264
249 452
124 66
136 493
208 334
454 304
240 158
166 85
1 142
93 493
496 136
150 161
41 323
40 308
145 247
353 217
488 84
295 31
156 373
298 420
456 51
269 37
2 343
297 303
82 235
453 370
327 280
130 447
150 377
101 349
462 376
381 435
445 213
326 391
409 234
461 46
436 69
48 156
374 91
289 236
175 254
18 84
400 275
204 41
484 360
48 253
79 81
463 491
454 225
130 259
318 290
410 177
172 484
75 456
394 438
497 105
444 88
386 213
404 474
213 155
58 279
99 407
4 470
367 462
184 371
187 414
464 234
419 7
228 338
317 440
194 157
77 176
171 400
454 489
335 406
115 361
380 124
198 375
358 318
278 299
451 347
438 388
260 267
291 14
318 62
440 91
138 333
139 71
231 253
38 458
299 165
94 170
410 245
259 314
457 91
13 255
343 171
11 131
314 390
243 431
155 234
105 422
260 293
133 431
82 270
327 305
295 476
23 124
11 331
104 447
224 115
90 54
146 129
329 410
75 497
465 492
68 310
64 299
358 344
339 52
415 71
446 195
83 392
382 196
230 237
88 384
331 166
67 25
321 145
93 286
95 149
312 454
41 120
430 205
172 362
390 259
379 27
377 53
356 91
119 31
213 157
338 155
433 132
333 352
459 329
215 126
7 377
66 486
63 371
114 37
495 345
238 488
11 409
75 354
299 115
225 324
437 135
195 367
308 367
335 495
128 359
309 44
156 153
121 60
4 379
216 401
24 412
258 214
36 248
224 362
304 462
360 150
45 337
85 384
410 480
482 487
466 218
223 393
303 157
465 39
201 487
12 342
440 32
144 427
429 190
54 35
147 444
280 370
203 376
89 8
348 312
383 494
186 346
361 240
203 388
230 451
420 162
245 401
300 241
423 389
152 395
488 196
431 272
355 463
51 76
479 390
471 251
200 227
250 5
485 365
476 469
330 283
249 478
401 278
225 193
114 309
197 276
421 142
348 364
182 223
301 50
145 182
383 445
62 268
131 476
95 258
193 135
359 369
341 137
334 166
435 38
82 205
164 100
358 272
427 332
8 388
455 36
468 273
51 433
349 122
385 376
346 473
37 407
420 137
223 491
271 115
192 367
330 216
334 446
276 163
239 119
230 454
285 481
321 448
70 256
263 143
231 249
189 379
125 128
289 421
68 483
95 380
205 150
162 222
48 300
462 47
134 495
288 61
241 225
263 144
405 363
310 389
419 360
494 225
119 266
193 206
38 60
203 345
165 295
175 65
190 18
493 430
377 288
266 375
306 234
124 143
284 216
372 402
307 190
263 144
3 245
112 215
77 217
373 451
65 286
369 10
92 93
358 256
61 462
35 53
129 39
346 267
484 361
161 457
337 353
338 240
368 231
211 426
419 57
429 67
197 491
93 165
127 254
471 227
65 160
158 449
280 7
63 289
97 411
330 57
367 368
170 468
129 94
230 35
52 19
66 149
50 122
33 36
424 9
96 211
446 398
447 314
60 256
28 395
295 410
26 474
23 438
271 16
477 302
473 221
326 129
298 258
377 61
45 393
161 418
79 121
468 418
171 231
357 305
206 422
268 192
130 419
258 268
450 396
497 380
262 4
498 331
164 260
470 48
142 66
220 54
395 8
57 86
213 10
415 2
447 179
383 181
100 397
2 30
329 405
366 430
58 320
40 325
90 155
117 200
390 498
436 174
1 245
301 64
409 351
318 459
253 436
221 145
470 425
253 308
259 13
480 329
331 318
245 66
113 176
294 83
407 398
389 265
376 410
415 154
44 427
432 222
477 240
429 396
442 8
67 62
34 280
154 489
481 196
327 31
189 354
148 226
399 287
254 130
271 208
304 35
131 125
316 47
419 219
114 157
96 83
428 363
426 202
370 276
420 190
244 158
397 96
73 391
85 431
133 213
396 34
154 340
221 496
424 294
448 333
423 250
98 455
289 96
421 43
254 488
249 4
143 208
417 137
381 229
397 50
109 425
99 179
128 400
256 314
109 490
97 45
470 11
87 280
311 38
341 255
440 338
146 490
363 255
53 157
225 152
0 486
42 178
278 313
71 54
498 295
14 378
461 275
236 82
183 357
394 20
146 97
223 197
228 62
291 106
314 112
328 15
100 193
468 439
395 179
232 26
152 475
228 474
24 205
271 47
81 449
498 50
425 338
342 232
110 345
102 219
381 178
394 343
103 23
414 409
324 219
95 54
361 468
407 242
214 310
244 165
345 232
215 339
468 287
414 157
284 367
314 377
435 140
381 471
284 400
375 213
213 488
330 391
55 353
4 254
447 121
372 56
195 228
306 185
238 80
467 116
125 20
114 222
377 18
20 353
0 491
496 112
55 476
425 460
64 253
154 126
106 439
268 65
431 107
134 232
184 8
72 476
274 201
248 260
231 336
429 232
351 418
107 157
357 352
20 346
43 224
479 208
352 176
483 172
293 325
498 334
50 111
422 306
66 229
491 155
19 277
270 218
52 362
458 292
130 61
446 383
409 286
231 49
356 216
456 74
351 444
288 18
186 237
394 322
254 291
329 119
282 101
368 458
496 100
51 121
54 316
287 338
176 287
450 487
254 420
62 367
479 68
17 214
80 261
147 324
116 265
18 351
16 217
322 262
167 174
322 296
451 254
165 447
330 120
451 206
423 464
465 42
384 317
473 215
393 7
480 316
383 395
187 3
251 120
61 117
362 67
488 436
152 15
73 195
152 477
56 70
127 306
370 299
383 433
211 52
206 322
217 125
304 355
143 107
443 384
255 228
233 24
432 171
250 200
491 293
300 91
490 105
417 55
77 172
124 99
127 383
156 303
89 264
74 40
481 338
249 306
186 5
366 432
7 488
105 39
315 106
441 195
372 301
16 401
447 157
266 172
62 471
186 212
248 434
329 262
66 457
392 62
31 470
207 104
11 498
135 156
347 61
19 208
75 177
378 477
455 321
88 273
244 270
12 161
369 127
208 341
243 120
169 394
463 61
55 295
464 382
96 396
403 206
290 438
194 407
308 406
404 273
97 65
94 413
126 27
419 479
181 55
85 369
281 213
150 243
194 234
193 163
222 29
379 19
199 341
350 51
246 467
392 117
238 466
260 458
419 196
442 465
171 59
376 360
382 392
323 307
376 29
88 454
458 168
157 377
26 376
408 333
440 37
404 499
425 378
477 440
55 113
237 100
79 21
187 84
251 234
413 271
118 138
121 484
72 169
368 103
29 31
347 404
295 47
341 291
428 209
193 451
486 220
480 481
376 67
19 168
284 216
184 390
448 263
151 386
246 52
376 402
451 189
163 110
316 130
56 198
30 289
297 21
361 113
294 103
174 154
243 161
293 413
111 7
144 165
289 148
213 25
207 262
10 114
203 195
370 298
34 102
63 154
10 323
6 233
290 348
412 270
265 184
220 186
18 469
135 413
395 234
39 130
3 475
148 316
369 240
381 161
110 216
373 120
295 175
141 469
161 5
151 432
185 335
313 499
68 288
152 319
141 117
232 179
89 488
331 89
381 172
8 449
391 424
403 497
212 153
401 295
481 226
393 42
194 351
294 54
442 32
351 48
407 302
91 123
409 31
459 200
410 464
466 130
38 173
269 93
365 0
382 340
335 475
117 126
484 110
408 27
296 409
444 414
496 42
241 103
144 364
414 211
111 123
425 106
207 235
247 236
375 461
471 455
351 174
155 347
113 145
108 123
24 252
121 155
66 111
321 160
452 15
213 224
233 30
159 202
3 431
312 57
196 498
281 338
303 232
310 155
297 117
329 382
102 22
373 38
330 108
192 160
437 8
154 231
24 333
376 442
246 447
86 482
172 273
257 0
13 28
325 474
372 405
221 76
391 191
425 108
486 29
152 497
256 101
422 82
490 21
337 272
194 72
43 447
424 385
180 349
34 458
353 207
339 262
370 47
192 240
356 181
19 285
312 392
429 127
10 32
498 102
155 65
106 478
468 289
487 346
99 29
197 243
180 254
41 225
203 70
441 275
213 107
268 39
337 39
124 22
471 281
228 55
468 488
230 266
64 326
396 301
55 311
92 427
158 120
346 406
376 490
350 98
469 141
212 200
60 128
185 471
349 357
456 454
145 174
382 361
341 421
460 337
300 288
440 346
216 457
134 111
460 301
96 72
121 326
157 448
5 365
122 182
337 159
140 40
320 316
69 291
159 276
498 273
185 180
23 314
139 310
169 152
301 76
308 466
269 2
149 17
85 255
462 293
61 360
290 327
9 258
144 161
199 408
390 234
20 480
190 355
433 299
423 354
9 116
353 173
158 240
468 233
489 63
236 90
146 274
333 142
360 486
83 403
9 122
393 264
309 298
271 54
116 331
201 51
116 174
229 340
319 374
238 279
127 266
457 322
109 294
327 353
237 30
124 358
458 466
386 183
103 436
168 92
13 329
212 309
92 233
372 284
12 125
240 9
82 245
391 205
472 104
490 299
343 295
18 76
157 56
116 87
500 249
48 239
352 470
76 352
451 465
26 142
448 180
235 234
280 390
24 433
295 25
220 70
80 137
47 468
272 457
397 471
468 106
32 34
160 38
283 446
405 378
153 363
65 373
159 150
357 272
331 139
318 387
150 387
391 489
382 76
437 153
106 54
197 9
395 153
104 260
46 118
86 15
43 174
243 300
18 6
57 265
3 122
356 59
475 229
298 65
198 28
311 419
362 414
403 49
105 291
474 135
365 213
80 229
486 86
1 84
492 436
181 479
300 288
248 475
18 125
310 255
46 44
53 470
434 365
364 37
360 396
164 170
226 57
373 214
326 217
318 89
376 248
412 345
97 397
191 399
433 112
311 14
348 242
263 310
426 187
311 316
252 355
171 373
46 370
366 449
478 319
483 67
464 123
446 5
452 388
35 439
28 467
254 77
340 407
488 248
83 74
263 1
19 86
344 111
46 374
317 281
83 323
300 58
138 313
463 170
288 69
18 300
165 390
332 9
40 431
29 413
201 218
150 462
417 463
59 26
56 331
202 443
176 332
146 265
172 465
145 427
180 32
459 194
17 224
185 398
385 3
60 178
287 301
102 26
165 114
478 128
68 144
158 134
301 78
356 128
196 198
469 371
290 258
220 450
473 478
365 277
231 482
0 478
360 309
329 262
489 137
53 41
446 205
129 194
272 169
223 468
106 80
307 389
41 90
322 48
461 306
357 307
83 478
215 30
4 295
124 100
161 178
238 209
438 222
125 80
428 148
400 287
357 344
306 483
380 295
330 226
283 81
340 264
258 273
468 106
110 311
28 390
10 424
378 384
418 389
423 63
299 173
194 74
235 78
222 217
115 42
420 492
415 41
383 23
457 276
176 327
338 55
462 395
403 192
494 341
17 329
268 255
135 450
408 261
159 58
500 80
447 309
374 310
386 494
369 181
19 170
364 249
407 25
38 460
31 439
285 197
18 238
233 18
329 101
368 243
158 231
120 228
126 190
333 132
273 58
127 481
359 190
238 95
216 49
397 118
122 40
311 295
108 159
280 233
482 403
483 172
38 420
446 84
442 65
451 448
287 260
74 446
54 7
197 178
40 487
486 274
18 199
299 115
358 221
247 406
55 235
275 0
296 139
356 418
152 463
439 167
370 310
292 96
38 57
464 250
256 53
395 96
189 184
327 464
313 186
292 295
38 375
10 222
18 25
202 267
239 335
427 267
270 356
402 33
364 102
122 459
160 304
205 454
289 40
253 94
101 221
394 210
143 458
387 455
407 219
274 93
27 141
161 195
441 342
123 97
89 476
257 371
171 444
298 195
490 356
401 148
417 468
14 158
80 327
130 419
80 439
18 70
230 294
83 487
79 201
133 458
298 236
209 148
50 374
500 153
439 420
491 263
199 408
55 316
122 73
418 165
471 121
177 82
25 484
93 211
31 138
426 295
477 376
117 209
168 363
396 417
365 1
266 462
144 32
331 365
189 345
473 433
237 429
295 85
91 362
435 290
411 79
418 100
400 315
224 55
387 388
339 417
190 69
338 111
335 440
59 243
435 299
434 156
358 90
422 213
313 200
360 148
192 324
219 4
175 88
130 460
424 432
392 355
14 493
396 96
148 406
11 272
436 80
88 372
161 112
107 437
123 334
189 276
239 464
262 83
27 188
319 109
429 251
235 394
229 21
393 178
183 37
464 242
82 421
89 194
161 79
308 166
482 287
455 190
201 409
141 261
320 255
374 304
219 329
253 141
266 245
482 1
121 299
98 410
304 389
176 243
187 418
332 65
488 39
446 55
77 90
113 143
105 143
265 244
108 59
161 353
192 158
32 104
61 200
382 173
496 368
238 41
325 99
112 91
365 255
382 24
461 94
116 132
343 485
136 184
259 241
277 387
120 472
451 207
455 155
425 460
249 163
135 136
329 5
36 81
107 158
190 473
493 296
318 205
463 159
367 97
123 249
237 329
32 266
209 127
252 446
475 224
325 441
116 227
233 183
480 205
184 5
429 408
394 219
167 63
366 324
30 65
367 142
389 185
99 416
102 164
348 389
439 3
14 120
29 64
22 403
264 4
375 45
78 251
450 336
495 64
302 188
397 17
296 356
344 309
339 269
126 220
271 5
41 247
409 361
154 59
314 353
164 211
10 191
152 19
196 114
192 417
25 254
80 291
365 177
339 26
244 210
182 400
395 377
374 246
323 308
219 432
308 52
426 341
378 270
391 23
289 225
299 75
479 28
25 367
37 367
233 145
95 282
203 303
153 87
463 434
112 171
393 180
370 390
488 230
73 69
421 90
410 391
44 487
106 469
318 301
380 262
486 493
359 325
462 50
225 362
77 28
240 246
174 275
159 290
96 126
135 176
98 0
209 391
207 143
263 289
187 143
385 237
493 28
384 353
112 470
52 178
80 397
293 492
103 85
393 0
340 282
470 164
69 457
166 384
13 429
237 163
377 355
79 305
401 192
98 297
317 385
301 98
494 488
494 143
184 97
239 220
348 357
422 500
49 347
54 52
56 381
109 162
232 213
241 253
148 101
190 270
254 50
21 349
34 149
428 263
46 229
350 341
48 377
349 253
223 273
454 173
410 426
392 342
485 214
388 17
441 416
377 312
156 8
54 497
342 272
407 8
446 105
214 287
196 58
500 102
74 252
456 179
424 108
172 138
313 497
271 383
94 345
14 498
430 372
271 303
266 489
396 11
340 260
485 34
158 392
489 67
101 41
383 280
41 88
92 195
154 137
490 141
372 270
415 91
463 69
328 324
157 429
149 139
226 403
414 328
124 207
378 297
363 369
33 84
83 380
290 472
376 127
406 17
95 277
156 392
243 219
314 170
492 142
200 16
101 251
436 66
84 192
133 122
98 377
341 406
337 156
382 495
251 356
350 337
117 433
486 348
327 428
309 389
74 357
478 62
68 55
335 368
278 301
287 334
297 132
15 203
366 356
78 343
341 179
475 259
452 118
309 158
337 218
407 213
376 470
317 414
324 197
499 204
345 443
256 361
215 11
188 487
18 90
147 468
116 291
73 360
238 390
380 7
471 140
478 59
224 13
420 210
117 115
487 394
111 350
436 312
381 311
345 490
374 245
437 403
366 39
284 119
216 48
136 303
424 101
171 63
282 84
88 386
418 294
77 9
380 141
16 462
296 389
446 289
409 490
352 268
266 221
422 265
77 351
226 425
379 285
216 242
52 423
9 415
459 308
175 269
255 209
72 303
99 237
140 448
26 390
419 434
299 220
308 201
198 449
402 410
210 153
26 74
381 158
108 193
284 378
277 121
140 174
478 423
258 30
152 197
44 385
403 370
496 313
179 102
389 151
297 45
474 223
115 141
64 96
57 403
380 245
28 497
34 466
204 210
202 273
57 458
452 405
258 5
193 441
98 464
419 495
105 445
74 432
21 465
418 12
293 60
149 402
16 25
331 213
227 190
79 209
271 300
478 381
42 406
214 58
279 338
69 188
345 314
230 466
303 358
53 185
26 356
469 379
397 415
493 243
193 305
367 186
296 245
68 145
238 195
439 190
373 288
80 305
462 217
178 364
391 337
197 269
401 466
58 325
208 439
194 323
178 454
170 295
441 195
470 46
143 95
325 148
293 345
171 367
203 265
115 168
349 384
377 285
134 370
421 11
162 316
256 58
168 92
367 167
419 442
349 105
148 345
441 234
298 396
266 361
35 271
112 381
265 377
475 104
15 440
145 490
148 135
392 71
280 68
279 357
280 478
456 396
418 263
51 489
431 315
478 187
306 446
471 318
202 143
49 56
76 61
330 73
116 33
122 381
231 422
152 487
362 62
307 361
240 194
203 28
339 259
36 406
478 223
422 240
149 41
349 373
339 468
377 142
184 339
448 123
108 482
5 492
463 188
181 408
34 417
121 372
168 94
493 320
340 354
395 396
174 429
251 309
320 300
242 201
288 308
108 70
183 286
243 459
322 162
462 44
348 1
335 401
152 44
128 405
343 155
50 269
307 80
212 452
146 205
228 488
385 238
388 62
210 122
470 129
387 418
254 19
91 453
188 420
178 359
274 275
207 112
287 92
333 477
313 200
365 140
257 213
151 261
411 96
154 476
200 119
191 153
208 250
418 218
15 61
299 201
251 401
246 301
59 64
61 178
213 247
214 304
304 398
328 74
137 218
251 394
213 9
1 153
190 287
18 81
443 127
64 237
496 243
327 250
289 235
337 425
351 225
221 375
39 480
349 315
219 247
463 118
8 178
374 307
389 310
24 369
50 268
414 74
342 451
477 497
339 145
206 332
405 350
305 199
348 176
137 252
174 405
207 197
114 89
437 9
70 363
421 426
222 464
302 290
55 356
108 454
127 212
189 196
431 148
38 384
191 97
452 87
256 257
90 260
484 460
308 347
384 220
171 76
54 9
418 76
485 231
472 281
202 320
12 300
326 478
369 345
249 36
253 0
281 37
354 51
17 248
112 182
127 82
115 243
461 339
173 225
402 182
450 347
438 478
244 4
472 63
118 82
194 488
454 211
78 263
173 25
307 284
4 33
168 237
144 150
495 23
101 369
365 52
255 60
77 75
1 23
240 219
158 46
154 489
227 235
403 494
94 191
376 103
205 291
107 306
249 124
437 466
402 424
447 445
107 37
401 346
149 429
324 268
472 380
281 325
417 457
107 491
495 88
341 463
389 476
30 482
435 372
124 344
222 119
233 364
476 272
174 251
242 89
463 81
250 386
256 227
345 309
202 371
43 330
280 460
113 79
34 344
414 470
339 172
373 377
177 485
77 223
361 440
193 481
367 351
159 101
485 313
416 117
210 278
294 170
428 326
258 104
453 185
458 363
273 417
124 177
112 66
203 307
432 457
4 266
42 112
213 500
212 84
208 148
230 143
387 475
220 254
498 291
200 107
357 79
194 105
34 484
412 206
74 35
80 373
333 366
52 496
5 79
0 33
397 328
133 139
378 55
213 197
353 380
260 396
442 29
263 124
129 461
150 62
310 153
380 285
214 320
111 284
452 37
156 300
281 157
20 293
195 464
324 498
479 205
102 6
217 393
402 492
15 284
208 342
250 387
165 335
232 33
473 484
248 242
480 127
55 190
248 249
202 179
215 254
401 184
323 375
125 57
488 63
3 460
446 36
62 239
95 4
86 457
28 461
182 339
129 350
121 385
7 118
229 215
426 67
193 455
218 114
269 240
353 164
42 131
443 374
303 8
460 434
258 104
260 179
409 324
163 176
332 15
274 106
433 47
30 352
163 204
493 427
160 349
299 349
63 364
22 0
351 296
429 301
129 408
231 248
291 108
190 128
316 60
17 145
421 481
388 5
223 233
265 249
89 46
467 77
417 188
92 214
487 364
14 193
303 401
155 48
498 143
386 417
435 315
62 127
330 374
472 290
392 443
424 256
345 104
455 22
160 289
435 93
347 210
181 397
74 221
46 108
287 29
92 21
102 451
64 134
323 227
223 214
398 74
80 484
269 204
424 274
7 392
126 278
197 411
283 389
438 466
315 495
122 279
397 109
498 306
470 449
462 219
442 424
201 269
431 340
279 340
129 87
379 396
200 69
39 497
408 56
453 75
481 307
406 308
224 163
22 296
166 27
89 430
405 351
247 324
264 424
267 469
369 343
458 308
276 422
301 315
19 103
353 22
10 391
190 491
89 236
331 288
380 176
81 294
206 255
51 291
27 129
419 391
73 416
378 39
33 283
194 215
419 358
8 302
484 423
346 440
59 431
356 418
406 495
487 158
57 124
366 353
18 325
201 410
30 220
194 407
414 420
449 78
360 434
217 116
296 471
30 172
160 73
396 14
279 126
40 199
474 116
213 202
101 343
254 167
475 439
146 106
296 314
233 52
443 197
97 13
208 369
385 19
190 427
100 436
130 341
478 245
255 414
340 455
330 151
101 314
100 421
187 363
16 459
325 3
26 368
89 217
120 423
212 237
477 296
209 471
13 163
51 105
3 335
50 331
234 329
436 437
323 157
377 69
432 48
487 456
242 299
57 158
245 281
453 97
208 415
63 427
497 444
310 33
133 376
168 208
272 156
36 32
343 181
269 375
38 322
302 221
124 305
317 128
85 344
421 106
243 190
328 172
47 113
483 129
214 8
436 464
242 332
468 275
408 456
358 401
210 334
141 146
429 246
60 479
291 445
69 201
144 358
33 270
319 10
115 438
172 215
292 484
56 65
322 235
202 296
418 151
221 272
241 101
22 285
20 355
485 49
357 200
159 281
196 42
340 222
136 27
264 10
86 238
134 413
185 82
133 208
150 473
67 207
227 263
401 239
296 429
486 267
289 357
79 477
455 452
6 218
463 405
273 472
464 222
172 241
392 443
302 373
464 236
364 474
262 122
204 365
299 176
472 476
403 43
334 123
137 177
298 68
201 500
57 104
477 451
335 77
51 476
235 361
400 51
500 72
141 378
280 92
205 330
13 271
217 167
277 256
411 159
142 440
255 76
237 273
21 33
44 218
224 156
300 82
456 40
50 126
39 108
202 312
80 302
116 243
399 172
5 252
278 46
29 477
438 319
31 81
154 276
332 252
494 284
228 165
492 109
47 167
338 331
234 72
36 487
199 464
167 92
5 2
24 56
490 383
52 409
411 344
247 179
494 37
461 238
186 263
447 52
224 133
326 383
241 89
185 223
61 244
10 449
474 184
60 193
373 437
164 204
42 3
181 414
444 13
373 257
195 99
385 246
91 480
24 302
361 280
152 92
255 142
336 395
317 164
266 490
486 5
430 251
336 89
414 62
370 88
39 373
177 137
488 83
160 368
395 89
260 216
362 172
192 201
486 389
88 417
204 139
450 373
244 475
298 43
187 7
12 282
95 468
320 474
347 398
410 407
378 490
328 101
339 28
1 292
479 210
401 10
312 416
323 469
258 478
257 220
95 138
179 202
152 73
326 281
114 199
281 410
452 481
135 115
367 244
492 293
420 39
313 497
482 375
167 158
67 488
332 342
488 96
4 169
369 108
398 395
369 157
260 157
74 31
91 446
286 328
385 317
339 492
455 219
327 57
362 20
218 26
83 382
21 463
411 98
477 7
131 414
269 156
291 187
290 88
208 315
483 110
257 385
245 363
118 376
2 232
495 342
302 131
111 180
420 90
421 169
201 336
10 182
416 395
257 92
123 297
93 261
84 300
445 310
348 474
479 155
210 486
327 292
69 408
349 231
383 224
217 40
5 476
287 153
307 350
39 444
17 295
278 43
218 268
389 169
431 487
433 236
178 294
421 179
102 254
65 138
488 226
230 347
426 391
262 443
68 223
73 102
492 45
389 42
99 491
6 178
434 132
475 302
491 394
91 425
88 41
424 319
79 290
330 433
425 208
285 115
257 386
387 483
366 21
213 435
345 209
452 38
319 5
240 322
487 357
377 349
239 243
454 186
318 364
454 244
303 79
102 145
474 488
367 326
258 121
258 265
89 457
45 217
107 391
269 91
422 434
90 460
291 124
258 174
410 314
149 42
133 199
207 42
414 297
205 73
291 124
12 44
7 296
17 208
373 472
123 157
369 253
273 98
422 415
190 410
334 3
160 478
21 331
387 405
387 234
403 86
43 283
261 407
132 127
433 102
284 207
208 69
282 283
5 381
423 62
101 159
115 460
271 148
459 36
466 277
105 499
293 127
307 139
309 26
241 270
2 488
68 363
157 155
405 182
206 26
345 374
328 410
395 128
200 336
111 336
6 351
71 458
449 256
325 2
218 483
107 335
327 366
259 48
259 287
445 393
151 118
449 98
63 409
174 268
102 283
287 203
174 97
247 262
431 108
101 79
281 316
137 456
324 12
76 49
475 50
28 94
397 137
62 11
388 394
232 50
354 22
232 55
384 309
125 106
286 35
82 425
189 390
395 196
407 341
114 434
100 264
82 485
430 481
433 157
312 66
113 255
110 462
498 277
388 13
460 337
342 358
441 122
254 54
102 448
91 228
396 164
108 332
98 479
208 137
218 131
307 268
306 290
107 436
139 178
472 91
422 361
404 184
249 230
153 247
418 49
267 167
411 8
6 211
426 403
213 175
52 99
383 15
438 238
321 451
111 326
173 235
3 249
451 496
200 391
314 482
188 85
115 94
44 390
482 132
411 393
211 9
459 369
235 226
324 83
229 295
31 15
261 350
22 238
127 290
135 42
36 2
62 405
134 1
60 426
421 76
114 130
467 264
377 114
145 367
422 42
332 259
199 131
191 283
376 268
234 156
186 8
164 132
386 86
350 352
228 175
53 301
346 1
68 105
224 416
74 84
102 391
399 264
134 136
80 383
106 49
85 25
220 350
207 110
239 121
381 325
472 124
155 207
449 275
317 171
394 271
234 110
149 294
44 28
486 295
201 74
307 270
462 14
210 438
202 413
21 124
34 227
427 332
107 129
61 157
282 393
239 260
340 132
428 22
477 2
274 139
313 60
386 447
177 336
355 146
373 214
48 350
257 69
47 138
464 183
280 462
488 72
11 26
166 146
96 311
126 323
87 341
413 415
257 470
377 352
4 191
46 314
90 135
154 256
15 453
433 197
10 14
16 119
188 430
310 275
292 461
460 208
472 146
4 62
427 271
230 489
421 284
339 31
323 5
129 393
253 338
363 378
15 307
108 452
149 450
447 5
266 346
497 110
446 149
303 123
276 468
27 383
66 181
345 97
479 305
338 336
296 267
33 190
357 438
104 121
129 27
257 150
442 96
384 390
406 460
472 231
463 279
39 47
252 471
10 311
433 483
481 141
9 229
471 77
412 70
254 166
300 195
58 113
131 270
444 248
60 454
0 210
460 229
494 30
59 12
492 276
318 48
469 217
457 278
476 54
319 204
62 148
127 404
300 272
185 471
268 43
192 9
76 293
277 258
206 18
252 263
276 246
451 208
325 402
423 211
161 140
46 180
457 360
41 344
50 256
360 37
471 178
61 253
477 166
316 457
339 385
353 66
266 79
384 272
282 379
131 278
235 113
464 494
493 264
94 146
175 292
475 271
86 300
11 268
487 343
28 18
3 221
230 354
102 350
382 120
104 256
104 450
234 114
157 457
143 386
435 92
241 121
354 2
184 14
321 499
285 424
65 316
495 76
9 360
63 164
134 152
380 244
186 29
273 190
202 382
82 152
110 399
195 35
4 349
264 328
268 469
439 122
422 158
339 165
429 312
484 446
307 361
270 125
325 483
172 329
439 385
118 149
95 106
161 142
179 128
338 336
379 31
63 206
239 150
431 323
121 160
286 453
371 130
396 334
391 484
339 289
98 217
302 393
229 262
304 481
237 0
276 104
85 271
348 490
441 44
49 40
383 426
221 123
131 189
107 26
181 222
149 484
427 279
117 480
357 203
499 148
270 206
341 1
287 75
417 229
387 486
464 352
201 422
1 370
112 399
293 380
358 90
111 424
4 384
452 358
96 131
117 88
254 431
453 300
310 103
406 413
421 455
424 66
137 82
245 322
436 421
468 64
222 60
80 455
45 406
47 215
389 494
350 401
321 354
371 478
74 305
0 119
343 252
172 116
368 409
202 174
426 333
258 452
214 318
141 378
7 105
371 339
38 61
296 279
471 282
246 437
211 433
170 197
148 473
265 280
150 333
312 11
312 392
406 9
261 477
414 399
198 359
46 92
406 227
143 219
356 196
464 290
91 87
419 336
63 394
497 135
7 97
139 418
311 462
13 125
364 491
305 285
78 474
358 341
224 112
226 431
131 392
209 304
299 342
40 320
153 391
189 470
435 291
192 354
191 192
37 113
101 142
226 86
169 350
45 481
100 240
377 99
122 4
129 70
484 247
399 106
241 132
269 409
236 435
115 30
45 196
21 418
252 143
25 494
197 466
170 47
18 218
55 52
158 74
422 417
369 188
154 94
384 118
336 159
408 228
253 38
422 420
462 198
392 110
287 176
49 39
63 100
424 72
370 204
276 412
443 69
153 65
404 175
487 262
140 436
75 74
233 178
366 43
299 142
308 97
154 265
61 328
439 131
370 63
459 384
83 174
149 423
464 147
10 17
133 449
180 279
126 147
121 273
474 89
9 59
205 115
374 383
225 451
344 233
174 173
138 398
231 135
224 483
277 97
455 9
85 400
493 335
134 247
84 172
23 144
134 19
42 375
390 296
427 126
322 477
186 219
293 338
333 383
398 92
11 474
5 355
419 71
10 492
17 28
11 150
398 220
315 266
279 424
95 330
79 238
24 448
100 428
54 45
431 143
112 246
173 422
454 440
228 195
171 223
289 308
420 221
438 291
191 118
326 194
201 340
312 230
253 117
214 302
326 431
295 162
52 124
25 166
202 103
301 5
136 494
79 29
395 411
90 220
182 161
42 485
137 453
166 244
1 446
311 48
24 462
194 193
59 102
284 343
32 113
97 13
183 84
14 331
136 210
386 254
388 96
452 85
394 52
364 148
358 224
437 419
381 319
403 279
319 494
368 216
254 332
307 340
471 58
48 443
289 112
0 284
499 58
105 231
321 3
194 189
477 357
330 422
138 39
380 311
210 316
425 15
78 93
437 62
60 433
449 110
96 31
275 273
22 74
316 11
1 477
281 97
223 204
327 427
411 230
278 198
479 152
193 419
25 66
195 158
107 429
374 310
68 63
496 244
376 185
164 209
89 81
844 607
594 978
782 635
42 541
596 693
21 337
199 973
160 127
686 651
275 892
843 654
664 5
96 505
837 975
863 598
773 774
922 737
144 378
970 98
141 294
741 994
253 459
274 857
280 108
270 987
825 609
620 59
197 665
118 508
303 979
803 899
805 670
508 704
315 269
41 917
830 527
963 761
174 959
844 762
871 223
796 57
526 706
257 958
532 708
819 55
789 243
972 636
349 48
855 225
140 696
936 806
578 637
178 419
704 190
859 246
609 22
574 119
716 379
485 650
356 669
721 419
238 670
637 795
713 681
519 575
868 10
277 587
697 24
434 983
756 225
955 966
813 918
283 534
825 866
495 969
7 893
681 16
500 718
619 153
887 916
639 627
243 156
294 929
71 40
171 418
651 311
143 886
834 740
28 490
935 248
613 674
133 778
621 894
691 306
835 165
812 40
768 223
144 416
897 413
481 830
529 575
462 6
643 671
621 365
849 345
944 981
299 363
570 44
517 556
208 371
193 551
565 957
19 862
132 348
440 533
457 743
506 903
742 423
150 670
619 788
923 524
502 25
844 173
572 827
296 315
193 181
670 821
361 327
877 739
662 539
979 896
993 963
777 141
158 691
165 25
472 617
406 159
798 665
866 844
966 997
588 64
71 812
246 228
275 241
827 782
333 483
874 171
760 994
564 385
176 124
22 292
71 937
26 923
355 292
776 969
272 301
329 930
32 600
756 47
294 39
4 456
324 358
382 506
538 764
456 925
836 529
516 299
660 577
873 76
489 740
281 175
799 367
35 986
435 509
287 77
402 389
149 288
853 11
175 433
173 788
389 614
504 652
102 316
119 528
78 176
59 868
423 473
613 37
34 392
74 666
421 784
626 186
663 759
12 802
853 124
958 256
91 112
334 275
242 675
328 621
497 905
84 159
576 889
666 727
770 231
716 740
441 410
150 821
810 914
368 15
98 825
771 96
465 630
580 641
728 526
940 459
76 845
528 573
376 679
234 244
100 202
323 804
4 460
435 768
566 515
369 199
214 342
550 680
108 714
897 358
118 527
172 810
638 190
259 598
105 232
690 153
51 968
939 169
360 606
19 238
214 507
648 701
685 142
552 225
362 6
251 527
580 699
221 739
118 909
135 847
229 628
159 741
751 662
260 864
493 210
143 91
745 363
956 469
377 583
413 487
876 932
481 381
436 578
987 213
989 244
408 573
948 153
52 0
352 351
665 563
302 971
416 167
240 101
447 531
302 579
88 323
452 166
936 657
265 744
56 362
714 988
817 612
63 166
368 740
639 422
512 444
470 979
290 506
66 308
400 387
954 315
147 582
998 629
661 31
811 19
737 715
658 341
516 534
862 719
141 576
29 523
349 82
637 261
788 506
291 412
377 109
706 977
920 283
19 424
0 290
789 557
264 160
204 554
730 229
466 44
771 590
493 822
649 796
780 7
462 371
171 212
356 240
321 10
950 146
181 346
213 807
513 646
834 966
106 592
989 987
528 494
880 382
841 946
645 464
240 884
695 738
685 124
356 573
118 350
851 692
235 867
251 485
335 931
287 11
973 14
564 392
691 414
322 461
184 281
315 134
587 644
845 117
107 254
259 78
249 133
445 729
173 639
553 274
866 14
855 748
571 482
791 224
687 173
517 759
223 708
466 340
767 52
997 939
90 103
874 681
287 716
215 633
398 240
978 538
332 107
448 765
594 642
338 858
223 933
997 506
713 940
536 831
791 257
504 378
714 314
910 280
174 353
306 381
712 679
273 161
667 319
518 302
253 716
814 421
843 629
115 680
128 657
904 325
290 418
356 852
115 518
222 492
450 81
230 331
522 969
260 378
74 94
56 392
804 426
470 939
639 843
776 284
492 310
477 142
782 93
370 44
97 634
629 916
482 369
686 949
431 719
812 932
858 709
428 691
931 739
962 84
335 131
542 494
337 540
62 811
246 417
6 465
226 700
354 813
399 761
195 865
979 128
282 643
998 600
380 141
697 173
829 943
714 49
856 698
955 276
161 770
138 613
228 965
327 461
3 519
635 965
871 877
675 253
24 287
430 646
50 116
44 206
191 319
886 950
620 924
456 274
262 977
270 44
195 826
392 819
693 989
885 847
798 666
574 38
698 76
392 227
552 4
636 717
468 327
724 713
668 160
454 869
881 547
509 800
951 143
842 352
375 162
898 522
732 570
640 947
91 671
391 405
867 815
508 978
265 476
654 256
668 791
354 585
433 845
120 226
598 671
562 267
550 3
439 336
517 56
561 232
157 886
764 998
40 272
962 168
384 836
842 600
527 269
588 486
899 68
451 891
519 278
346 626
865 81
489 451
472 358
468 738
541 72
703 350
775 271
189 252
487 322
86 434
852 700
911 615
367 925
511 543
302 225
198 194
852 145
597 353
671 343
929 673
596 643
272 628
333 384
255 508
623 101
428 393
877 639
643 14
30 257
206 645
979 164
73 252
694 895
77 790
305 734
121 63
210 849
358 549
940 524
428 976
307 77
978 629
707 884
522 795
514 368
891 384
412 791
239 523
131 204
313 778
425 433
619 877
442 960
384 12
455 365
946 832
314 974
451 371
489 873
348 302
930 551
566 544
419 501
94 627
127 267
128 982
189 615
474 320
454 666
381 766
25 725
674 319
975 666
807 921
805 434
112 193
154 281
62 477
559 480
400 417
523 126
423 211
496 738
451 50
72 143
586 357
69 478
8 761
291 550
969 813
70 949
70 63
854 285
713 876
757 373
861 202
504 767
652 821
152 406
283 453
788 691
377 809
959 382
297 497
758 106
262 227
400 688
123 507
88 237
920 232
226 341
473 863
662 490
332 328
722 742
668 219
921 629
637 982
429 208
723 345
359 869
291 251
145 548
965 901
769 548
668 921
373 774
630 747
285 506
932 8
364 782
111 927
71 142
259 645
327 463
496 945
265 940
695 425
107 487
661 857
839 838
816 48
894 387
833 768
923 431
772 197
23 936
358 376
621 199
470 577
287 221
405 24
106 384
838 31
711 593
377 646
405 574
912 581
627 973
261 989
859 650
148 880
363 407
36 810
505 961
723 410
281 754
464 500
423 471
949 915
226 905
722 72
356 674
27 735
278 767
845 724
792 754
523 20
428 294
347 790
469 99
253 944
122 81
78 243
764 556
965 892
430 656
763 369
983 741
281 172
502 828
641 935
757 208
910 514
55 367
602 359
341 537
522 627
498 416
564 536
819 9
769 277
598 431
22 823
286 540
849 140
761 865
904 977
462 962
706 540
22 422
261 578
494 423
84 886
168 616
213 10
153 626
497 296
153 642
661 777
402 34
448 229
257 362
858 928
994 81
328 106
88 501
369 334
236 431
472 732
600 775
666 898
890 89
52 247
262 653
970 17
154 470
587 371
764 76
168 54
49 569
162 712
709 488
16 209
374 682
207 389
349 976
480 840
237 339
475 955
828 719
778 872
80 461
4 251
230 800
845 424
892 21
344 479
61 206
413 582
81 307
628 915
482 581
668 153
525 681
366 197
364 386
456 73
4 327
875 596
753 94
338 567
476 359
229 757
803 967
866 776
413 69
890 31
462 313
550 83
514 515
157 425
100 745
362 527
76 880
937 805
33 535
509 688
669 188
997 258
731 800
960 361
286 90
465 705
373 815
166 766
498 13
497 707
779 86
414 824
24 96
886 720
687 68
589 665
115 974
851 168
912 845
841 558
401 465
976 748
780 333
529 911
280 487
705 375
567 939
461 180
560 969
858 953
259 220
341 329
284 730
77 645
217 855
626 247
254 982
507 226
263 170
915 730
30 399
697 202
303 51
730 826
518 617
227 487
160 289
682 331
897 444
763 940
284 411
576 330
931 514
391 114
248 547
907 591
42 793
157 447
157 392
165 41
42 894
684 479
629 815
661 28
348 733
654 485
230 88
9 187
913 221
911 375
823 614
718 285
475 911
163 276
768 713
225 891
608 343
144 242
772 604
227 663
495 294
185 88
945 324
967 580
387 760
975 143
389 304
103 954
648 316
617 608
801 460
600 278
966 775
325 27
579 491
577 758
895 215
378 589
669 276
396 58
702 748
866 650
764 589
846 130
897 715
366 410
246 154
483 396
350 761
708 487
260 179
389 374
991 428
149 655
634 585
27 589
903 364
542 213
112 920
137 99
638 603
514 460
845 607
337 528
926 284
342 732
52 585
25 784
108 597
659 623
691 842
312 549
768 711
428 936
81 662
135 53
934 257
850 172
718 811
179 509
306 110
116 870
292 728
674 365
123 117
179 604
272 216
917 589
808 798
434 86
488 897
676 362
685 570
352 908
571 330
533 666
643 64
235 668
319 539
567 475
796 231
979 233
0 231
99 932
400 165
533 16
776 305
888 317
629 761
346 93
748 63
891 788
653 942
414 24
814 591
705 41
65 49
918 417
653 772
761 305
540 105
767 439
464 379
745 521
558 223
155 969
289 406
293 871
150 885
32 47
739 280
995 378
68 278
112 847
806 998
31 806
662 864
32 492
272 57
28 899
109 537
362 454
369 557
569 910
398 642
827 798
132 765
305 120
34 764
401 514
679 775
693 774
831 287
800 809
798 524
614 779
891 344
557 622
613 933
710 118
83 308
725 112
649 468
762 471
462 221
744 747
470 49
539 676
505 657
631 22
787 610
391 65
945 208
524 667
144 448
306 661
146 282
966 876
988 167
419 439
780 53
338 14
660 188
759 206
392 355
165 975
369 931
768 382
97 932
686 725
429 223
309 743
818 79
643 558
647 151
805 697
10 761
150 270
737 164
179 409
455 438
998 39
115 246
988 943
191 855
986 403
408 720
254 412
44 487
359 895
386 803
676 522
622 385
809 676
737 145
538 64
164 651
675 998
53 819
573 682
474 691
40 499
653 307
305 805
418 176
325 138
480 524
318 741
557 335
599 146
733 435
950 575
34 328
769 332
551 814
67 252
465 379
807 8
864 532
969 17
790 682
505 10
726 619
103 429
309 135
376 486
59 874
919 4
902 29
517 784
879 229
18 558
970 598
243 950
115 943
959 257
841 166
371 732
636 166
68 567
498 138
74 403
151 59
861 347
535 492
137 771
730 355
302 315
877 360
48 726
91 985
20 338
332 104
666 491
951 302
183 219
709 755
725 688
754 128
490 753
475 492
160 69
317 908
248 183
537 849
783 31
617 453
145 446
707 718
947 116
779 932
426 327
814 725
368 389
28 437
564 864
690 319
712 231
81 170
262 112
846 141
814 922
816 854
569 545
639 227
593 459
413 738
59 81
749 130
470 378
211 811
260 679
946 212
154 141
951 945
903 330
898 127
992 419
619 977
874 492
561 307
564 194
192 936
412 16
817 454
124 693
614 226
439 944
830 770
813 100
679 653
389 589
313 278
507 778
592 706
105 586
362 96
909 180
243 336
488 824
440 397
523 687
367 194
204 73
955 350
679 569
906 605
706 826
475 407
684 644
389 578
916 541
833 29
795 352
959 960
644 238
786 675
25 681
277 491
629 505
688 406
87 454
172 56
906 884
339 939
417 699
455 473
143 841
741 810
541 232
779 334
700 673
40 749
520 573
109 720
116 281
955 849
943 911
798 539
172 490
658 553
526 99
378 556
602 809
441 3
38 951
209 583
640 76
351 427
788 317
153 431
564 690
80 59
641 410
835 706
633 580
666 765
283 561
736 394
28 410
479 746
335 492
344 984
906 819
678 279
870 249
158 526
700 218
911 50
89 977
588 271
255 769
913 748
326 505
695 243
626 734
314 139
270 179
470 638
232 683
10 89
403 376
755 111
653 528
547 366
49 194
691 333
974 700
208 299
517 396
758 955
943 904
485 990
489 5
36 203
470 988
907 416
549 614
435 726
460 508
907 66
992 634
976 59
753 801
530 335
494 657
703 485
960 192
68 125
619 346
900 514
913 38
666 150
267 677
272 676
21 419
364 6
323 516
188 780
788 172
176 513
634 906
370 849
499 548
983 169
655 558
199 186
293 6
50 74
803 96
81 992
980 586
514 501
541 466
43 3
840 247
917 299
67 728
344 877
974 705
703 530
579 284
273 140
972 987
911 198
132 535
513 531
104 717
731 949
612 539
418 775
976 574
919 375
254 9
436 227
451 984
523 625
22 369
437 293
864 414
156 219
557 860
31 100
891 882
935 599
126 300
620 784
182 968
282 31
759 693
522 863
788 587
334 48
216 222
996 786
99 452
884 205
936 652
318 763
996 106
346 507
49 415
332 512
110 194
71 386
74 1000
465 80
428 621
281 758
514 358
193 186
804 484
907 82
944 306
576 825
575 566
908 897
839 978
705 499
476 587
968 328
309 866
754 592
242 816
470 965
327 107
320 780
632 363
125 728
583 32
270 542
890 119
257 284
787 798
394 562
618 291
541 200
688 132
746 830
659 57
471 223
796 78
832 58
565 464
115 464
528 38
271 384
495 826
924 114
438 904
196 768
344 427
1000 581
259 71
91 934
513 137
726 886
691 269
518 747
409 780
843 763
8 356
894 598
316 472
463 807
938 304
249 793
871 57
836 690
10 320
989 643
679 580
937 483
472 359
599 32
507 951
734 159
499 235
612 438
20 285
424 675
447 756
761 614
946 55
351 431
125 920
545 735
761 706
465 333
974 537
974 425
670 16
840 430
213 566
681 501
395 944
660 710
102 263
54 801
955 467
158 749
494 94
548 173
269 818
864 937
758 338
586 228
863 213
722 341
73 242
667 34
680 428
532 829
779 786
458 251
675 784
428 992
935 672
296 423
318 264
934 147
654 310
302 401
889 947
237 156
928 81
478 462
669 483
451 505
130 146
327 531
954 732
750 545
268 224
942 301
179 303
430 333
634 795
125 688
655 462
278 912
26 518
148 807
739 411
17 417
309 69
569 163
667 0
369 433
828 452
937 93
580 816
445 731
523 43
44 524
233 260
503 465
665 184
766 712
980 238
6 306
733 728
905 106
273 770
873 607
249 822
430 487
992 675
199 326
603 853
226 520
148 810
583 842
959 133
503 266
416 975
343 123
252 42
365 746
662 519
219 572
341 961
933 834
304 679
561 784
626 685
476 821
382 166
697 268
944 899
166 373
18 444
740 157
326 838
76 734
162 505
951 547
421 570
728 791
634 166
792 510
299 667
178 279
772 280
696 498
211 927
766 178
853 430
432 357
430 400
102 717
194 987
868 936
498 284
299 174
585 932
171 374
55 523
910 656
34 883
972 991
429 201
821 400
492 325
588 872
58 324
699 760
795 78
210 677
872 212
355 395
897 669
158 38
76 156
720 491
528 574
482 143
776 937
713 572
976 147
956 7
761 896
538 614
913 260
428 621
849 447
589 679
702 275
451 632
846 578
784 539
121 468
393 995
934 413
561 631
757 740
275 602
130 1000
89 501
628 868
67 638
502 526
848 712
589 442
994 600
848 471
186 999
150 56
799 163
832 792
20 124
933 655
708 244
483 411
70 718
620 495
564 394
822 157
585 402
2 619
718 120
641 753
803 421
988 788
165 885
844 946
653 145
814 481
363 337
124 800
486 961
541 301
514 161
752 395
11 360
589 941
699 15
681 193
719 959
633 140
212 466
694 688
974 919
238 589
110 171
773 843
502 912
443 504
788 940
619 739
463 898
172 735
899 641
414 930
676 811
761 505
267 822
995 807
443 656
226 368
956 535
412 807
721 198
678 419
801 315
544 325
514 931
949 591
179 204
269 631
687 353
220 902
998 346
390 100
745 812
686 258
57 821
913 513
70 399
923 399
46 670
535 867
938 869
801 224
472 396
371 233
879 386
473 495
72 18
576 165
198 577
85 114
314 359
880 320
131 227
980 566
703 745
810 630
775 264
807 394
236 531
648 737
192 696
946 470
403 76
231 191
569 126
724 229
223 974
60 475
347 221
890 819
556 288
533 28
971 253
785 222
132 723
722 458
386 921
193 758
316 657
803 493
211 925
229 354
45 887
390 414
619 932
19 214
88 348
264 579
894 744
760 216
365 475
800 14
670 505
46 185
643 242
664 969
601 549
99 211
303 701
780 556
927 397
82 632
103 556
8 532
264 532
408 960
947 153
174 802
963 83
356 969
559 157
606 226
953 401
722 950
935 632
260 555
275 215
861 437
328 419
995 480
521 226
506 973
328 55
849 852
439 247
549 781
709 130
501 597
768 21
645 671
351 691
877 410
863 20
119 163
946 123
962 36
577 901
720 154
874 833
616 806
287 877
818 58
420 976
260 839
815 727
79 403
292 204
33 81
177 714
170 221
822 700
821 438
624 640
767 370
443 472
749 80
437 86
41 365
67 266
471 988
531 444
724 986
579 155
392 798
138 294
476 323
689 825
251 924
606 159
914 771
859 195
779 733
76 88
160 210
448 165
259 271
805 606
485 148
885 602
555 558
692 702
594 947
537 560
552 539
646 315
930 868
993 258
33 700
969 375
857 95
51 390
279 832
691 967
558 36
473 1
486 420
136 589
650 609
238 273
509 121
510 799
876 869
868 429
782 297
132 286
721 582
570 587
999 194
709 154
150 747
98 467
38 690
910 991
422 188
219 610
661 452
143 802
117 424
909 430
700 161
113 792
624 213
923 980
388 448
221 305
34 893
807 866
485 139
88 193
60 134
901 506
118 140
184 28
33 346
655 348
62 417
822 603
875 252
365 846
42 24
104 670
175 462
150 253
42 560
901 158
544 656
832 640
465 750
210 477
597 841
913 233
842 242
294 131
188 577
846 729
309 489
304 991
135 225
539 194
427 589
810 654
919 605
419 513
507 413
849 531
384 812
385 881
477 686
349 289
0 211
206 499
974 938
835 525
964 953
452 336
650 695
110 868
155 251
234 500
381 935
414 196
678 233
598 830
818 944
901 447
554 288
857 30
435 302
602 12
224 696
701 179
23 648
492 930
803 319
143 444
174 806
562 355
330 882
269 489
383 541
332 71
179 756
382 127
22 631
1000 719
381 474
800 947
359 60
604 3
553 381
637 109
881 573
735 443
934 776
18 99
485 426
781 669
299 249
831 56
976 382
787 190
696 967
601 623
171 118
63 103
961 170
356 357
323 275
406 946
790 378
225 427
542 648
283 342
169 583
403 510
320 930
583 268
860 371
596 932
943 739
878 626
114 692
513 52
71 253
689 510
639 427
156 67
830 491
481 889
692 177
590 37
891 495
676 360
810 936
730 563
468 833
358 844
434 181
141 485
788 308
240 7
290 605
356 961
624 374
224 375
78 382
909 165
244 301
342 663
202 360
601 195
896 241
910 179
640 0
908 849
239 934
636 45
833 819
915 1
707 594
152 728
313 640
902 830
93 996
771 797
505 174
86 403
144 433
111 416
794 747
268 799
873 2
993 997
127 406
898 577
101 929
190 625
483 589
692 573
92 647
414 247
744 183
136 882
939 287
658 48
165 911
619 585
440 830
891 513
783 360
220 380
165 676
864 187
940 891
273 201
957 100
623 252
409 267
137 442
368 288
508 640
109 118
492 741
591 523
821 645
46 858
767 540
402 954
357 231
707 462
611 294
191 69
386 550
650 967
537 735
996 133
871 944
852 848
54 483
316 394
579 934
816 945
107 147
841 456
178 133
855 250
714 369
828 532
489 67
13 261
164 393
705 786
487 211
692 463
500 130
16 489
432 353
747 647
458 480
975 16
760 832
24 413
253 643
177 585
622 5
593 440
755 310
177 464
320 402
497 908
637 582
499 993
977 574
300 52
282 140
482 802
327 746
300 210
507 494
523 545
666 443
599 382
705 431
539 179
858 781
507 962
417 77
608 711
51 160
909 375
662 20
575 264
9 629
724 127
186 297
43 922
374 118
639 82
105 920
539 630
579 550
560 285
25 999
818 369
387 773
721 593
932 180
985 509
647 678
808 960
70 322
592 390
392 582
521 741
227 724
902 981
698 773
155 60
986 704
166 821
413 548
305 683
953 530
950 90
155 310
47 456
47 815
866 628
370 166
491 38
834 606
200 577
75 811
591 699
369 530
100 605
869 302
108 841
563 232
202 146
332 323
11 578
352 378
582 400
351 124
923 758
247 450
984 737
504 793
718 176
343 351
240 85
410 258
779 555
92 568
876 363
934 504
907 97
96 430
298 31
597 953
111 762
424 717
78 229
547 110
196 701
407 890
451 236
149 421
176 654
639 614
375 220
781 103
488 653
853 331
611 902
718 235
822 783
747 3
750 849
821 440
203 599
824 349
503 527
969 254
651 80
598 864
782 297
522 474
906 954
101 966
807 266
881 589
412 784
218 406
8 2
659 961
38 542
897 483
188 545
783 654
86 245
997 927
754 919
520 483
419 903
981 63
218 383
491 653
102 8
671 611
219 528
431 829
650 62
153 537
440 42
427 417
712 977
573 523
549 182
592 48
612 84
158 942
435 792
138 172
6 582
713 635
321 971
43 1
919 943
168 503
369 222
939 73
3 461
646 615
670 574
649 693
376 872
0 869
220 590
997 187
120 223
182 967
208 901
561 360
302 301
728 666
686 494
787 309
740 215
805 368
767 860
785 750
132 51
768 285
799 752
118 817
623 555
492 35
848 442
115 868
517 375
687 780
982 178
499 946
906 11
699 785
522 579
687 781
32 779
808 130
245 254
230 693
866 554
130 920
46 750
405 987
59 527
392 696
610 145
244 822
4 472
220 169
168 593
920 706
921 433
50 79
111 749
796 191
331 550
684 451
999 509
430 866
340 539
48 67
123 728
470 817
722 70
615 930
871 255
461 247
470 12
605 466
866 236
425 89
965 294
918 236
302 986
615 61
70 73
271 212
634 185
522 629
567 178
846 511
66 980
467 379
610 1
201 110
217 491
318 653
120 326
381 324
507 901
817 161
35 564
3 742
312 77
521 242
51 121
416 368
442 317
884 647
206 385
110 177
6 4
311 504
197 597
609 546
199 797
680 38
638 111
938 803
173 62
718 260
372 930
457 933
947 9
166 29
162 710
566 395
991 531
653 737
725 92
538 601
972 811
24 756
263 330
808 389
93 981
693 704
811 288
270 58
575 466
203 549
618 20
688 881
449 13
536 752
392 142
37 537
661 250
126 19
713 0
92 395
560 209
403 616
520 894
981 937
271 381
85 693
352 45
422 888
875 199
316 438
290 551
346 669
934 546
299 479
54 877
356 114
624 1000
335 469
598 418
822 668
198 698
491 871
48 870
603 93
946 928
424 548
111 273
261 509
719 343
830 977
159 576
969 76
885 373
339 661
549 297
512 846
355 447
905 960
269 421
244 439
203 445
275 676